0 -2 -1 -2 -1 -3 -2 -2 -2 -2 -2 -1 -3 -1 -2 -2 -2 -2 -2 -2 -2 -2 -2 -2 -2 -3 -2 -2 -1 -2 -1 -1 -2 -2 -2 -2 -2 -1 -2 -2 -2 -2 -1 -2 -1 -2 -1 -2 -3 -2 -2 -1 -2 -2 -1 -2 -1 -2 -2 -1 -2 -2 -2 -1 -2 -2 -2 -4 -1 -2 -2 -2 -1 -2 -2 -2 -2 -1 -2 -2 -1 -2 -2 -2 -2 -3 -2 -3 -2 -2 -2 -2 -1 -2 -2 -2 -1 -2 -2 -3 -2 -2 -2 -2 -2 -2 -2 -2 -2 
-2 0 39 -2 37 -2 -2 -2 -2 -2 -2 26 -2 19 -2 -2 -2 -2 -2 -2 180 -2 -2 -2 1 -2 -2 -2 97 86 129 33 -2 -2 -2 -2 102 259 -2 -2 -3 -2 21 -2 125 -2 63 8 -2 -2 -2 343 -2 15 37 -3 372 -2 -2 44 -2 -2 -2 114 13 -2 -2 -2 53 -2 -2 -2 43 -2 -2 -2 48 19 -2 -2 53 -2 32 -2 -2 36 -2 -2 -2 -2 -2 -2 56 -2 -3 -2 41 -2 -2 137 5 -2 3 -2 -2 -2 -2 -2 -2 
-1 39 0 -1 -1 -1 6 2 4 -1 14 14 -1 -1 14 -1 14 -1 14 -1 101 -1 1275 21 40 -1 14 1 18 276 -1 46 0 153 14 9 194 44 29 -1 -1 2924 -1 54 14 39 29 2 120 -1 14 62 -1 75 -1 43 5 14 119 0 -1 9 -1 26 17 -1 -1 -1 29 14 6 50 0 80 29 14 93 -1 14 123 29 15 53 29 -1 47 134 45 -1 20 14 1 -1 14 0 -1 14 59 -1 62 2 -1 14 -1 0 35 30 42 -1 
-2 -2 -1 0 -1 -2 -2 -2 -2 -3 -2 -1 -2 -1 -2 -2 -2 -2 -2 -2 -2 -2 -2 -2 -2 -2 -2 -2 -1 -2 -1 -1 -2 -2 -2 -2 -2 -1 -2 -2 -3 -2 -1 -2 -1 -2 -1 -2 -2 -2 -2 -1 -2 -2 -1 -2 -1 -2 -2 -1 -2 -2 -2 -1 -2 -2 -2 -2 -1 -2 -2 -2 -1 -2 -2 -2 -2 -1 -2 -2 -1 -2 -2 -2 -2 -2 -2 -2 -2 -2 -2 -2 -1 -2 -2 -2 -1 -2 -2 -2 -2 -2 -2 -2 -2 -2 -2 -2 -2 
-1 37 -1 -1 0 -1 13 5 -1 -1 8 8 -1 -1 8 -1 8 -1 8 -1 77 -1 1839 16 17 -1 8 3 17 377 -1 25 1 144 8 -1 163 26 17 -1 -1 3045 -1 44 8 57 17 5 73 -1 8 44 -1 46 -1 26 178 8 118 -1 -1 19 -1 32 14 -1 -1 -1 17 8 -1 64 1 111 17 8 106 -1 8 200 17 31 70 17 -1 32 127 75 -1 20 8 3 -1 8 1 -1 8 73 -1 41 5 -1 8 -1 1 55 37 55 -1 
-3 -2 -1 -2 -1 0 -2 -2 -2 -2 -2 -1 -3 -1 -2 -2 -2 -2 -2 -2 -2 -2 -2 -2 -2 -3 -2 -2 -1 -2 -1 -1 -2 -2 -2 -2 -2 -1 -2 -2 -2 -2 -1 -2 -1 -2 -1 -2 -3 -2 -2 -1 -2 -2 -1 -2 -1 -2 -2 -1 -2 -2 -2 -1 -2 -2 -2 -3 -1 -2 -2 -2 -1 -2 -2 -2 -2 -1 -2 -2 -1 -2 -2 -2 -2 -3 -2 -3 -2 -2 -2 -2 -1 -2 -2 -2 -1 -2 -2 -3 -2 -2 -2 -2 -2 -2 -2 -2 -2 
-2 -2 6 -2 13 -2 0 -2 -2 -2 -2 6 -2 7 -2 -2 -2 -2 0 -2 58 -2 -2 -2 -2 -2 -2 -2 6 11 13 -1 -2 -2 -2 -2 11 13 -2 -2 -2 -2 6 -2 6 -2 6 1 12 -2 -2 20 -2 11 15 -2 19 -2 -2 6 -2 -2 -2 33 17 -2 -2 -2 6 -2 -2 -2 6 -2 -2 -2 4 6 -2 -2 8 -2 11 -2 -2 23 24 5 -2 -2 -2 -2 13 16 -2 -2 6 12 -2 24 2 -2 14 -2 -2 -2 -2 -2 -2 
-2 -2 2 -2 5 -2 -2 0 -2 -2 -2 2 -2 2 -2 -2 -2 -2 -2 -2 -2 -4 -2 -2 -2 -2 -2 -2 2 -1 5 -1 -2 -2 -2 -2 -1 5 -2 -2 -2 -2 2 -2 2 -2 2 -2 -2 -6 -2 8 -2 -2 7 -2 8 -2 -2 2 -2 -2 -2 8 -2 -2 -6 -2 2 -2 -2 -2 2 -2 -2 -2 -2 4 -2 -2 7 -2 -2 -2 -2 -2 -2 -2 -2 -3 -2 -3 6 -2 -2 -2 2 -2 -2 -2 -2 -2 -2 -2 -2 -2 -2 -2 -2 
-2 -2 4 -2 -1 -2 -2 -2 0 -2 -2 -1 -2 2 -2 -2 -2 -1 -2 -2 4 -2 -2 -2 -3 -2 -2 -2 8 180 -1 4 -2 -2 -2 -2 68 9 2 -2 -2 6 3 13 -1 30 29 -1 -2 -2 -2 11 -2 -2 1 11 -1 -2 -2 1 -2 -2 -2 -1 -1 -2 -2 -2 24 -2 -4 -2 4 -2 -2 -2 -1 -1 -2 -2 -1 -2 -2 -2 -2 -1 -2 -2 -2 -2 -2 -2 -1 -2 -2 -2 -1 -2 -2 -1 1 -2 -2 -2 -1 -2 49 27 -2 
-2 -2 -1 -3 -1 -2 -2 -2 -2 0 -2 -1 -2 -1 -2 -2 -2 -2 -2 -2 -2 -2 -2 -7 -2 -2 -2 -3 -1 -3 -1 1 -2 -2 -2 -2 3 0 -2 -2 -3 -2 -1 -2 -1 -3 -1 -2 -2 -2 -2 -1 -2 -2 0 -3 -1 -2 -2 -1 -2 -2 -2 0 -2 -2 -2 -2 -1 -7 -2 -2 -1 -2 -4 -2 -2 -1 -2 -2 -1 -5 -2 -2 -2 -2 -2 -2 -2 -2 -2 -2 -1 -2 -2 -8 -1 -2 -2 -2 -2 -2 -1 -2 -2 -2 -2 -2 -2 
-2 -2 14 -2 8 -2 -2 -2 -2 -2 0 7 -2 5 -2 -2 -2 -2 -2 -2 -2 -2 -2 -2 -2 -2 -2 -2 45 15 54 -1 -2 -2 -2 -2 23 117 -2 -2 -2 -2 5 -2 60 -2 26 -2 -2 -2 -2 146 -2 -2 5 -2 169 -2 -2 16 -2 -2 -2 32 -2 -2 -2 -2 21 -2 -2 -2 16 -2 -2 -2 -2 4 -2 -2 12 -2 -2 -2 -2 -2 -2 -2 -2 -2 -2 -2 20 -2 -2 -2 15 -2 -2 -2 -2 -2 1 -2 -2 -2 -2 -2 -2 
-1 26 14 -1 8 -1 6 2 -1 -1 7 0 -1 6 26 -1 21 -1 11 -1 76 -1 1080 2 -1 -1 -1 4 41 490 54 2 0 103 20 -1 114 111 -1 -1 -1 1310 5 11 56 41 32 2 21 -1 -1 142 -1 20 7 28 173 -1 84 16 -1 9 -1 44 5 -1 -1 -1 27 -1 -1 39 18 80 19 -1 70 4 -1 644 25 15 50 -1 -1 26 86 43 -1 26 14 1 19 19 3 -1 18 50 -1 112 2 -1 -1 -1 0 33 107 34 0 
-3 -2 -1 -2 -1 -3 -2 -2 -2 -2 -2 -1 0 -1 -2 -2 -2 -2 -2 -2 -2 -2 -2 -2 -2 -3 -2 -2 -1 -2 -1 -1 -2 -2 -2 -2 -2 -1 -2 -2 -2 -2 -1 -2 -1 -2 -1 -2 -3 -2 -2 -1 -2 -2 -1 -2 -1 -2 -2 -1 -2 -2 -2 -1 -2 -2 -2 -3 -1 -2 -2 -2 -1 -2 -2 -2 -2 -1 -2 -2 -1 -2 -2 -2 -2 -3 -2 -3 -2 -2 -2 -2 -1 -2 -2 -2 -1 -2 -2 -3 -2 -2 -2 -2 -2 -2 -2 -2 -2 
-1 19 -1 -1 -1 -1 7 2 2 -1 5 6 -1 0 4 -1 4 -1 4 -1 59 -1 947 16 4 -1 1 6 3 374 -1 12 0 78 4 2 89 11 6 9 0 1242 -1 9 1 29 9 2 19 -1 1 28 0 16 -1 14 5 1 64 0 -1 9 -1 16 7 -1 -1 -1 9 4 5 34 0 59 9 3 57 -1 1 103 9 15 34 3 1 17 69 39 -1 10 4 1 -1 1 0 -1 4 39 -1 22 2 1 1 -1 0 29 20 29 -1 
-2 -2 14 -2 8 -2 -2 -2 -2 -2 -2 26 -2 4 0 -2 -6 -2 -2 -2 84 -4 -2 -2 -2 -2 -2 -2 83 139 54 -1 -2 -2 -6 -2 161 172 -2 -2 -2 -2 5 -2 77 -2 64 -2 -2 -5 -2 244 -2 -2 5 -2 170 -2 -2 17 -2 -2 -2 52 -2 -2 -5 -2 58 -2 -2 -2 16 -2 -2 -2 -2 4 -2 -2 50 -2 -2 -2 -2 -2 -2 -2 -2 1 -2 -3 20 -2 -2 -2 34 -2 -2 -2 -2 -2 -2 -2 -2 -2 -2 -2 -2 
-2 -2 -1 -2 -1 -2 -2 -2 -2 -2 -2 -1 -2 -1 -2 0 -2 -2 -2 -2 -2 -2 -2 -2 -2 -2 -2 -2 -1 16 -1 -1 -2 -2 -2 -2 17 -1 -2 -2 -2 -2 -1 -2 -1 -2 -1 -2 -2 -2 -2 -1 -2 -2 -1 -2 -1 -2 -2 -1 -2 -2 -2 -1 -2 -2 -2 -2 -1 -2 -2 -2 -1 -2 -2 -2 -2 -1 -2 -2 -1 -2 -2 -2 -2 -2 -2 -2 -2 -2 -2 -2 -1 -2 -2 -2 -1 -2 -2 -2 -2 -2 -2 -2 -2 -2 -2 -2 -2 
-2 -2 14 -2 8 -2 -2 -2 -2 -2 -2 21 -2 4 -6 -2 0 -2 -2 -2 82 -4 -2 -2 -2 -2 -2 -2 73 139 54 -1 -2 -2 -6 -2 161 157 -2 -2 -2 -2 5 -2 72 -2 54 -2 -2 -5 -2 186 -2 -2 5 -2 171 -2 -2 17 -2 -2 -2 47 -2 -2 -5 -2 49 -2 -2 -2 16 -2 -2 -2 -2 4 -2 -2 40 -2 -2 -2 -2 -2 -2 -2 -2 0 -2 -3 20 -2 -2 -2 29 -2 -2 -2 -2 -2 -2 -2 -2 -2 -2 -2 -2 
-2 -2 -1 -2 -1 -2 -2 -2 -1 -2 -2 -1 -2 -1 -2 -2 -2 0 -2 -2 -1 -2 -2 -2 -3 -2 -2 -2 -1 -2 -1 0 -2 -2 -2 -2 -1 0 -2 -1 -2 -2 -1 -2 -1 -2 -1 -2 -2 -2 -2 -1 -2 -2 0 -2 -1 -2 -2 -1 -2 -2 -3 -1 -2 -2 -2 -2 -1 -2 -1 -2 -1 -2 -2 -2 -2 -1 -2 -2 -1 -2 -2 -2 -2 -2 -2 -2 -2 -2 -2 -2 -1 -2 -2 -2 -1 -2 -2 -2 -2 -2 -1 -2 -2 -2 -2 -2 -2 
-2 -2 14 -2 8 -2 0 -2 -2 -2 -2 11 -2 4 -2 -2 -2 -2 0 -2 117 -2 -2 -2 -2 -2 -2 -2 43 78 54 -1 -2 -2 -2 -2 88 112 -2 -2 -2 -2 5 -2 57 -2 30 -2 -3 -2 -2 144 -2 -1 8 -2 170 -2 -2 17 -2 -2 -2 39 7 -2 -2 -2 24 -2 -2 -2 16 -2 -2 -2 -2 4 -2 -2 17 -2 38 -2 -2 6 62 42 -2 -2 -2 -2 21 -1 -2 -2 17 48 -2 95 -2 -2 -2 -2 -2 -2 -2 -2 -2 
-2 -2 -1 -2 -1 -2 -2 -2 -2 -2 -2 -1 -2 -1 -2 -2 -2 -2 -2 0 1 -2 -2 -2 -2 -2 -2 -2 -1 4 -1 -1 -2 -2 -2 -2 4 -1 -2 -2 -2 -2 0 -2 -1 -2 -1 -2 -2 -2 -2 -1 -2 -2 -1 -2 -1 -2 4 -1 -2 -2 -2 -1 -2 -2 -2 -2 -1 -2 -2 -2 -1 -2 -2 -2 -2 -1 -2 -2 -1 -2 -2 -2 -2 -2 -2 -2 -2 -2 -2 -2 -1 -2 -2 -2 -1 -2 -2 -2 -2 -2 -2 -2 -2 -2 -2 -2 -2 
-2 180 101 -2 77 -2 58 -2 4 -2 -2 76 -2 59 84 -2 82 -1 117 1 0 -2 3389 -2 1 -2 1 -2 128 327 127 13 1 400 79 -2 313 301 1 9 5 107 98 0 100 277 152 6 174 -2 -1 401 0 75 139 199 202 2 287 81 -2 25 0 489 126 -2 -2 -2 141 -2 1 187 110 206 -2 -2 230 42 1 417 294 37 120 -2 -2 313 339 176 -2 56 112 5 104 118 37 -2 102 320 -2 776 11 -2 7 -2 0 112 436 75 -2 
-2 -2 -1 -2 -1 -2 -2 -4 -2 -2 -2 -1 -2 -1 -4 -2 -4 -2 -2 -2 -2 0 -2 -2 -2 -2 -2 -2 -1 -2 -1 -1 -2 -2 -4 -2 -2 -1 -2 -2 -2 -2 -1 -2 -1 -2 -1 -2 -2 -4 -2 -1 -2 -2 -1 -2 -1 -2 -2 -1 -2 -2 -2 -1 -2 -2 -4 -2 -1 -2 -2 -2 -1 -2 -2 -2 -2 -1 -2 -2 -1 -2 -2 -2 -2 -2 -2 -2 -2 -4 -2 -3 -1 -2 -2 -2 -1 -2 -2 -2 -2 -2 -2 -2 -2 -2 -2 -2 -2 
-2 -2 1275 -2 1839 -2 -2 -2 -2 -2 -2 1080 -2 947 -2 -2 -2 -2 -2 -2 3389 -2 0 -2 -2 -2 -2 -2 1278 454 2908 -1 -2 -2 -2 -2 429 3224 -2 -2 -2 -2 969 -2 1284 -2 1282 10 -2 -2 -2 5521 -2 987 1490 -2 5489 -2 -1 1279 -2 -2 -2 4052 756 -2 -2 -2 1284 -2 -2 -2 1348 -2 -2 -2 451 882 -2 -2 1618 -2 689 -2 -2 895 -2 -2 -2 -2 -2 -2 2211 -2 -2 -2 1451 -2 -2 4831 10 -2 -2 -2 -2 -2 -2 -2 -2 
-2 -2 21 -2 16 -2 -2 -2 -2 -7 -2 2 -2 16 -2 -2 -2 -2 -2 -2 -2 -2 -2 0 -1 -2 -2 -3 73 238 62 117 -2 -2 -2 -2 92 172 93 -2 -2 95 10 -4 60 -2 53 -2 -2 -2 -2 226 -2 -2 20 -2 19 -2 -2 22 -2 -2 -2 19 -2 -2 -2 -2 48 -7 -2 -2 20 -2 13 -2 -2 2 -2 -2 1 -3 -2 -3 -2 -2 -2 -2 -2 -2 -2 -2 3 -2 -2 -2 30 -2 -2 -2 -2 -2 58 -2 -2 -3 85 -2 -2 
-2 1 40 -2 17 -2 -2 -2 -3 -2 -2 -1 -2 4 -2 -2 -2 -3 -2 -2 1 -2 -2 -1 0 -2 -2 -2 128 208 109 1 -2 -2 -2 -2 138 289 -1 -2 -2 0 15 4 133 9 105 -1 -2 -2 -2 403 -2 -2 4 2 -1 -2 -2 50 -2 -2 -2 -1 -1 -2 -2 -2 90 -2 -3 -2 38 -2 -2 -2 -1 -1 -2 -2 -1 -2 -2 -2 -2 -1 -2 -2 -2 -2 -2 -2 -1 -2 -2 -2 45 -2 -2 -1 1 -2 22 -2 -1 -2 34 6 -2 
-3 -2 -1 -2 -1 -3 -2 -2 -2 -2 -2 -1 -3 -1 -2 -2 -2 -2 -2 -2 -2 -2 -2 -2 -2 0 -2 -2 -1 -2 -1 -1 -2 -2 -2 -2 -2 -1 -2 -2 -2 -2 -1 -2 -1 -2 -1 -2 -3 -2 -2 -1 -2 -2 -1 -2 -1 -2 -2 -1 -2 -2 -2 -1 -2 -2 -2 -3 -1 -2 -2 -2 -1 -2 -2 -2 -2 -1 -2 -2 -1 -2 -2 -2 -2 -3 -2 -3 -2 -2 -2 -2 0 -2 -2 -2 -1 -2 -2 -3 -2 -2 -2 -2 -2 -2 -2 -2 -2 
-2 -2 14 -2 8 -2 -2 -2 -2 -2 -2 -1 -2 1 -2 -2 -2 -2 -2 -2 1 -2 -2 -2 -2 -2 0 -2 47 65 54 33 -2 -2 -2 -2 72 120 -2 9 -2 -2 5 -2 59 -2 28 -2 -2 -2 -2 157 -2 -2 1 -2 -1 -3 -2 17 -2 -2 -2 -1 -2 -2 -2 -2 23 -2 -2 -2 16 -2 -2 -2 -2 -1 -5 -2 -1 -2 -2 -2 -2 -2 -2 -2 -2 -2 -2 -2 -1 -2 -2 -2 16 -2 -2 -2 -2 -2 4 -2 -2 -2 -2 -2 -2 
-2 -2 1 -2 3 -2 -2 -2 -2 -3 -2 4 -2 6 -2 -2 -2 -2 -2 -2 -2 -2 -2 -3 -2 -2 -2 0 1 -3 3 11 -2 -2 -2 -2 -2 3 -3 -2 -2 -3 1 -2 1 -2 1 -2 -2 -2 -2 5 -2 -2 6 -2 8 -2 -2 1 -2 -2 -2 8 -2 -2 -2 -2 1 -3 -2 -2 1 -2 -3 -2 -2 1 -2 -2 1 -2 -2 -2 -2 -2 -2 -2 -2 -2 -2 -2 3 -2 -2 -2 1 -2 -2 -2 -2 -2 4 -2 -2 -2 -3 -2 -2 
-1 97 18 -1 17 -1 6 2 8 -1 45 41 -1 3 83 -1 73 -1 43 -1 128 -1 1278 73 128 -1 47 1 0 698 109 167 0 156 71 13 217 343 191 -1 -1 10496 11 184 153 66 125 2 172 -1 87 413 -1 149 3 136 5 73 119 36 -1 9 -1 61 44 -1 -1 -1 115 97 10 77 34 80 153 56 93 -1 74 179 83 15 80 137 -1 132 135 45 -1 77 59 1 -1 72 0 -1 67 86 -1 338 2 -1 45 -1 0 35 212 67 -1 
-2 86 276 -2 377 -2 11 -1 180 -3 15 490 -2 374 139 16 139 -2 78 4 327 -2 454 238 208 -2 65 -3 698 0 1007 2087 -2 35 140 52 84 1760 634 141 92 845 237 204 638 21 718 -4 384 -2 140 2598 108 269 401 170 1772 204 -1 409 -2 -2 0 1461 38 -2 -1 -2 791 26 378 22 445 1 220 69 -4 205 212 3283 925 4 159 9 -2 141 -2 -2 -2 81 128 -2 623 261 54 -1 660 11 -2 851 -2 -2 527 -2 -2 -1 445 45 -2 
-1 129 -1 -1 -1 -1 13 5 -1 -1 54 54 -1 -1 54 -1 54 -1 54 -1 127 -1 2908 62 109 -1 54 3 109 1007 0 117 1 387 55 -1 531 166 109 -1 -1 7312 -1 274 52 114 109 5 236 -1 54 114 -1 196 -1 164 11 54 290 -1 -1 19 -1 78 60 -1 -1 -1 111 54 -1 129 2 178 109 54 219 -1 54 297 109 31 135 109 -1 170 333 94 -1 67 54 3 -1 55 1 -1 53 150 -1 226 5 -1 54 -1 1 74 88 99 -1 
-1 33 46 -1 25 -1 -1 -1 4 1 -1 2 -1 12 -1 -1 -1 0 -1 -1 13 -1 -1 117 1 -1 33 11 167 2087 117 0 -1 -1 -1 -1 366 427 56 15 -1 57 27 -1 153 -1 147 4 -1 -1 -1 395 -1 21 14 36 8 51 -1 44 -1 -1 1 10 4 -1 -1 -1 132 -1 15 -1 50 -1 138 51 4 2 36 -1 4 -1 1 -1 -1 4 -1 -1 -1 -1 -1 -1 5 -1 -1 -1 56 0 -1 4 9 -1 2 -1 -1 -1 348 -1 -1 
-2 -2 0 -2 1 -2 -2 -2 -2 -2 -2 0 -2 0 -2 -2 -2 -2 -2 -2 1 -2 -2 -2 -2 -2 -2 -2 0 -2 1 -1 0 -2 -2 -2 -2 1 -2 -2 -2 -2 0 -2 0 -2 0 -1 -2 -2 -2 2 -2 -2 1 -2 2 -2 -2 0 -2 -2 -2 2 1 -2 -2 -2 0 -2 -2 -2 0 -2 -2 -2 1 0 -2 -2 1 -2 0 -2 -2 0 -2 -2 -2 -2 -2 -2 1 -2 -2 -2 0 -2 -2 0 -1 -2 -2 -2 -2 -2 -2 -2 -2 
-2 -2 153 -2 144 -2 -2 -2 -2 -2 -2 103 -2 78 -2 -2 -2 -2 -2 -2 400 -2 -2 -2 -2 -2 -2 -2 156 35 387 -1 -2 0 -2 -2 31 457 -2 -2 -2 -2 90 -2 162 -2 165 -1 1 -2 -2 794 -2 0 103 -2 674 -2 -2 157 -2 -2 -2 451 57 -2 -2 -2 175 -2 -2 -2 176 -2 -2 -2 22 78 -2 -2 162 -2 225 -2 -2 122 -2 -2 -2 -2 -2 -2 246 -2 -2 -2 164 62 -2 855 1 -2 -2 -2 -2 -2 -2 -2 -2 
-2 -2 14 -2 8 -2 -2 -2 -2 -2 -2 20 -2 4 -6 -2 -6 -2 -2 -2 79 -4 -2 -2 -2 -2 -2 -2 71 140 55 -1 -2 -2 0 -2 160 156 -2 -2 -2 -2 5 -2 71 -2 52 -2 -2 -5 -2 217 -2 -2 5 -2 170 -2 -2 17 -2 -2 -2 46 -2 -2 -5 -2 47 -2 -2 -2 16 -2 -2 -2 -2 4 -2 -2 38 -2 -2 -2 -2 -2 -2 -2 -2 0 -2 -3 20 -2 -2 -2 28 -2 -2 -2 -2 -2 -2 -2 -2 -2 -2 -2 -2 
-2 -2 9 -2 -1 -2 -2 -2 -2 -2 -2 -1 -2 2 -2 -2 -2 -2 -2 -2 -2 -2 -2 -2 -2 -2 -2 -2 13 52 -1 -1 -2 -2 -2 0 54 19 -2 -2 -2 -2 8 -2 -1 -2 40 -2 -2 -2 -2 26 -2 -2 2 -2 -1 -2 -2 3 -2 -2 -2 -1 -2 -2 -2 -2 36 -2 -2 -2 9 -2 -2 -2 -2 -1 -2 -2 -1 -2 -2 -2 -2 -2 -2 -2 -2 -2 -2 -2 -1 -2 -2 -2 -1 -2 -2 -2 -2 -2 -2 -2 -2 -2 -2 -2 -2 
-2 102 194 -2 163 -2 11 -1 68 3 23 114 -2 89 161 17 161 -1 88 4 313 -2 429 92 138 -2 72 -2 217 84 531 366 -2 31 160 54 0 680 221 150 98 491 104 233 247 27 229 -4 433 -2 160 1136 123 305 113 194 732 225 -1 204 -2 -2 0 358 45 -2 -1 -2 226 42 195 29 209 -2 284 80 -4 89 229 3736 165 4 176 25 -2 164 -2 -2 -2 100 143 -2 299 278 56 -1 198 15 -2 955 -2 -2 63 -2 -2 -1 246 53 -2 
-1 259 44 -1 26 -1 13 5 9 0 117 111 -1 11 172 -1 157 0 112 -1 301 -1 3224 172 289 -1 120 3 343 1760 166 427 1 457 156 19 680 0 305 -1 0 26420 17 588 281 198 285 5 416 -1 180 987 -1 328 15 363 11 161 336 61 -1 19 -1 152 117 -1 -1 -1 269 93 15 194 57 195 307 132 246 -1 161 414 223 31 200 304 -1 347 390 102 -1 172 141 3 -1 158 2 -1 150 223 -1 712 5 -1 117 -1 1 82 388 136 -1 
-2 -2 29 -2 17 -2 -2 -2 2 -2 -2 -1 -2 6 -2 -2 -2 -2 -2 -2 1 -2 -2 93 -1 -2 -2 -3 191 634 109 56 -2 -2 -2 -2 221 305 0 -2 -2 -5 11 -2 168 -2 153 -2 -2 -2 -2 443 -2 -2 6 -2 -1 -2 -2 35 -2 -2 -2 -1 -2 -2 -2 -2 143 -19 12 -2 33 -2 48 -2 -2 -1 -2 -2 -1 -2 -2 -2 -2 -2 -2 -2 -2 -2 -2 -2 -1 -2 -2 -2 81 -2 -2 -2 -2 -2 58 -2 -2 -2 136 -2 -2 
-2 -2 -1 -2 -1 -2 -2 -2 -2 -2 -2 -1 -2 9 -2 -2 -2 -1 -2 -2 9 -2 -2 -2 -2 -2 9 -2 -1 141 -1 15 -2 -2 -2 -2 150 -1 -2 0 -2 -1 -1 -2 -1 -2 -1 0 -2 -2 -2 -1 -2 -2 7 -2 -1 9 -2 -1 -2 -2 -2 -1 0 -2 -2 -2 -1 -2 -2 -2 -1 -2 -2 -2 0 -1 9 -2 -1 -2 -2 -2 -2 0 -2 -2 -2 -2 -2 -2 -1 -2 -2 -2 -1 -2 -2 0 0 -2 11 -2 -2 -2 -2 -2 -2 
-2 -3 -1 -3 -1 -2 -2 -2 -2 -3 -2 -1 -2 0 -2 -2 -2 -2 -2 -2 5 -2 -2 -2 -2 -2 -2 -2 -1 92 -1 -1 -2 -2 -2 -2 98 0 -2 -2 0 -2 -1 -2 -1 -2 -1 -1 -2 -2 -2 -1 -2 -2 0 -2 -1 -2 -2 -1 -2 -2 -2 -1 -1 -2 -2 -2 -1 -2 -1 -2 -1 -2 -2 -2 -1 -1 -2 -2 -1 -2 -2 -2 -2 -1 -2 -2 -2 -2 -2 -2 -1 -2 -2 -2 -1 -2 -2 -1 -1 -2 -2 -2 -2 -2 -2 -2 -2 
-2 -2 2924 -2 3045 -2 -2 -2 6 -2 -2 1310 -2 1242 -2 -2 -2 -2 -2 -2 107 -2 -2 95 0 -2 -2 -3 10496 845 7312 57 -2 -2 -2 -2 491 26420 -5 -1 -2 0 1874 -2 10056 -2 12671 0 -3 -2 -2 42038 -2 -1 1601 -2 5936 -2 -2 3014 -2 -2 -2 3658 1 -2 -2 -2 11671 -4 26 -2 3337 -2 48 -2 0 874 -2 -3 2103 -2 39 -2 -2 1 65 -2 -2 -2 -2 -2 2577 -2 -2 -2 6673 50 -2 1 0 -2 2885 -2 -2 -2 135 -2 -2 
-1 21 -1 -1 -1 -1 6 2 3 -1 5 5 -1 -1 5 -1 5 -1 5 0 98 -1 969 10 15 -1 5 1 11 237 -1 27 0 90 5 8 104 17 11 -1 -1 1874 0 26 5 39 11 2 48 -1 5 29 -1 30 -1 17 5 5 74 0 -1 9 -1 17 8 -1 -1 -1 11 5 5 38 0 65 9 5 65 -1 5 105 11 15 41 11 -1 20 80 42 -1 11 5 1 -1 6 1 -1 5 44 -1 26 2 -1 5 -1 0 32 20 32 -1 
-2 -2 54 -2 44 -2 -2 -2 13 -2 -2 11 -2 9 -2 -2 -2 -2 -2 -2 0 -2 -2 -4 4 -2 -2 -2 184 204 274 -1 -2 -2 -2 -2 233 588 -2 -2 -2 -2 26 0 245 -2 132 -2 -2 -2 -2 741 -2 -2 9 -2 -1 -2 -2 82 -3 -2 -2 -1 -2 -2 -2 -2 107 -2 43 -2 83 -2 -2 -3 -2 -1 -2 -2 20 -2 -2 -3 -2 -2 -2 -2 -2 -2 -2 -2 0 -2 -2 -2 78 -2 -2 -2 -2 -2 20 -2 -2 -2 -2 -2 -2 
-1 125 14 -1 8 -1 6 2 -1 -1 60 56 -1 1 77 -1 72 -1 57 -1 100 -1 1284 60 133 -1 59 1 153 638 52 153 0 162 71 -1 247 281 168 -1 -1 10056 5 245 0 81 134 2 296 -1 49 370 -1 192 1 178 5 72 119 17 -1 9 -1 78 59 -1 -1 -1 129 84 -1 92 19 80 148 63 93 -1 73 208 113 15 81 140 -1 179 137 45 -1 78 65 1 -1 57 0 -1 67 87 -1 314 2 -1 46 -1 0 35 153 69 -1 
-2 -2 39 -2 57 -2 -2 -2 30 -3 -2 41 -2 29 -2 -2 -2 -2 -2 -2 277 -2 -2 -2 9 -2 -2 -2 66 21 114 -1 -2 -2 -2 -2 27 198 -2 -2 -2 -2 39 -2 81 0 47 8 -2 -2 -2 217 -2 59 47 40 267 -2 -2 46 -2 -2 -2 135 22 -2 -2 -2 61 -2 44 -2 46 -2 -2 -2 24 29 -2 -2 60 -2 49 -2 -2 53 -2 -2 -2 -2 -2 -2 70 -2 -2 -2 54 -2 -2 206 9 -2 29 -2 -2 -2 -2 -2 -2 
-1 63 29 -1 17 -1 6 2 29 -1 26 32 -1 9 64 -1 54 -1 30 -1 152 -1 1282 53 105 -1 28 1 125 718 109 147 0 165 52 40 229 285 153 -1 -1 12671 11 132 134 47 0 2 214 -1 67 390 -1 147 11 84 347 55 125 36 -1 9 -1 96 27 -1 -1 -1 77 78 51 60 34 103 115 35 93 9 55 1359 59 15 147 97 -1 81 135 45 -1 58 40 1 41 51 0 -1 48 67 -1 266 2 -1 26 -1 0 35 196 54 -1 
-2 8 2 -2 5 -2 1 -2 -1 -2 -2 2 -2 2 -2 -2 -2 -2 -2 -2 6 -2 10 -2 -1 -2 -2 -2 2 -4 5 4 -1 -1 -2 -2 -4 5 -2 0 -1 0 2 -2 2 8 2 0 2 -2 -2 8 -2 -3 5 -2 8 -2 4 2 -2 -2 -2 10 4 -2 -2 -2 2 -2 -2 3 2 3 -2 -2 -4 2 -2 -2 8 1 2 -2 -2 6 3 1 -2 -2 -2 -1 5 3 -2 -2 2 3 -2 6 -4 -2 1 -2 -2 3 5 -2 -2 
-3 -2 120 -2 73 -3 12 -2 -2 -2 -2 21 -3 19 -2 -2 -2 -2 -3 -2 174 -2 -2 -2 -2 -3 -2 -2 172 384 236 -1 -2 1 -2 -2 433 416 -2 -2 -2 -3 48 -2 296 -2 214 2 0 -2 -2 471 -2 -2 21 -2 293 -2 -2 121 -2 -2 -2 56 3 -2 -2 -3 174 -2 -2 -2 102 -2 -2 -2 2 5 -2 -3 22 -2 0 -2 -2 1 98 4 -2 -2 -2 -2 24 28 -2 -2 127 -2 -2 1 14 -2 -2 -2 -2 -2 -2 -2 -2 
-2 -2 -1 -2 -1 -2 -2 -6 -2 -2 -2 -1 -2 -1 -5 -2 -5 -2 -2 -2 -2 -4 -2 -2 -2 -2 -2 -2 -1 -2 -1 -1 -2 -2 -5 -2 -2 -1 -2 -2 -2 -2 -1 -2 -1 -2 -1 -2 -2 0 -2 -1 -2 -2 -1 -2 -1 -2 -2 -1 -2 -2 -2 -1 -2 -2 -9 -2 -1 -2 -2 -2 -1 -2 -2 -2 -2 -1 -2 -2 -1 -2 -2 -2 -2 -2 -2 -2 -2 -6 -2 -3 -1 -2 -2 -2 -1 -2 -2 -2 -2 -2 -2 -2 -2 -2 -2 -2 -2 
-2 -2 14 -2 8 -2 -2 -2 -2 -2 -2 -1 -2 1 -2 -2 -2 -2 -2 -2 -1 -2 -2 -2 -2 -2 -2 -2 87 140 54 -1 -2 -2 -2 -2 160 180 -2 -2 -2 -2 5 -2 49 -2 67 -2 -2 -2 0 178 -2 -2 1 -2 -1 -2 -2 17 -2 -2 -2 -1 -2 -2 -2 -2 64 -2 -2 -2 17 -2 -2 -4 -2 -1 -2 -2 -1 -2 -2 -2 -2 -2 -2 -2 -2 -2 -2 -2 -1 -2 -2 -2 36 -2 -2 -2 -2 -2 -1 -2 -2 -2 -2 -2 -2 
-1 343 62 -1 44 -1 20 8 11 -1 146 142 -1 28 244 -1 186 -1 144 -1 401 -1 5521 226 403 -1 157 5 413 2598 114 395 2 794 217 26 1136 987 443 -1 -1 42038 29 741 370 217 390 8 471 -1 178 0 0 379 27 489 17 210 600 86 -1 29 -1 184 151 -1 -1 -1 362 282 17 268 101 334 457 177 443 -1 216 572 285 47 265 426 -1 439 689 155 -1 203 187 5 -1 205 3 -1 207 303 -1 828 7 -1 144 -1 2 125 316 232 -1 
-2 -2 -1 -2 -1 -2 -2 -2 -2 -2 -2 -1 -2 0 -2 -2 -2 -2 -2 -2 0 -2 -2 -2 -2 -2 -2 -2 -1 108 -1 -1 -2 -2 -2 -2 123 -1 -2 -2 -2 -2 -1 -2 -1 -2 -1 -2 -2 -2 -2 0 0 -2 0 -2 -1 -2 -2 -1 -2 -2 -2 -1 -2 -2 -2 -2 -1 -2 -2 -2 -1 -2 -2 -2 -2 -1 -2 -2 -1 -2 -2 -2 -2 -2 -2 -2 -2 -2 -2 -2 -1 -2 -2 -2 -1 -2 -2 -2 -2 -2 -2 -2 -2 -2 -2 -2 -2 
-2 15 75 -2 46 -2 11 -2 -2 -2 -2 20 -2 16 -2 -2 -2 -2 -1 -2 75 -2 987 -2 -2 -2 -2 -2 149 269 196 21 -2 0 -2 -2 305 328 -2 -2 -2 -1 30 -2 192 59 147 -3 -2 -2 -2 379 -2 0 17 -2 164 -2 133 82 -2 -2 -2 4 16 -2 -2 -2 122 -2 -2 46 77 -2 -2 -2 -3 0 -2 -2 1 -2 -1 -2 -2 -3 148 5 -2 -2 -2 -2 1 -1 -2 -2 86 -2 -2 -3 -1 -2 3 -2 -1 -1 203 -2 -2 
-1 37 -1 -1 -1 -1 15 7 1 0 5 7 -1 -1 5 -1 5 0 8 -1 139 -1 1490 20 4 -1 1 6 3 401 -1 14 1 103 5 2 113 15 6 7 0 1601 -1 9 1 47 11 5 21 -1 1 27 0 17 0 15 11 1 83 1 -1 19 -1 36 11 -1 -1 -1 11 4 1 47 1 83 9 3 77 -1 1 273 15 31 51 3 0 25 92 63 -1 17 5 3 -1 1 4 0 5 66 -1 31 5 0 1 -1 1 41 33 41 0 
-2 -3 43 -2 26 -2 -2 -2 11 -3 -2 28 -2 14 -2 -2 -2 -2 -2 -2 199 -2 -2 -2 2 -2 -2 -2 136 170 164 36 -2 -2 -2 -2 194 363 -2 -2 -2 -2 17 -2 178 40 84 -2 -2 -2 -2 489 -2 -2 15 0 514 -2 -2 52 -2 -2 -2 91 -2 -2 -2 -2 69 -2 35 -2 51 -2 -2 -2 -2 14 -2 -2 42 -2 -2 -2 -2 -2 -2 -2 -2 -2 -2 -2 62 -2 -3 -2 49 -2 -2 -2 -2 -2 6 -2 -2 -2 -2 -2 -2 
-1 372 5 -1 178 -1 19 8 -1 -1 169 173 -1 5 170 -1 171 -1 170 -1 202 -1 5489 19 -1 -1 -1 8 5 1772 11 8 2 674 170 -1 732 11 -1 -1 -1 5936 5 -1 5 267 347 8 293 -1 -1 17 -1 164 11 514 0 -1 423 5 -1 24 -1 240 173 -1 -1 -1 347 -1 -1 267 9 263 170 -1 372 5 -1 864 345 41 289 -1 -1 518 451 159 -1 180 170 8 11 -1 6 -1 177 318 -1 708 9 -1 -1 -1 1 102 277 243 -1 
-2 -2 14 -2 8 -2 -2 -2 -2 -2 -2 -1 -2 1 -2 -2 -2 -2 -2 -2 2 -2 -2 -2 -2 -2 -3 -2 73 204 54 51 -2 -2 -2 -2 225 161 -2 9 -2 -2 5 -2 72 -2 55 -2 -2 -2 -2 210 -2 -2 1 -2 -1 0 -2 17 -2 -2 -2 -1 -2 -2 -2 -2 49 -2 -2 -2 17 -2 -2 -2 -2 -1 -3 -2 -1 -2 -2 -2 -2 -2 -2 -2 -2 -2 -2 -2 -1 -2 -2 -2 29 -2 -2 -2 -2 -2 17 -2 -2 -2 -2 -2 -2 
-2 -2 119 -2 118 -2 -2 -2 -2 -2 -2 84 -2 64 -2 -2 -2 -2 -2 4 287 -2 -1 -2 -2 -2 -2 -2 119 -1 290 -1 -2 -2 -2 -2 -1 336 -2 -2 -2 -2 74 -2 119 -2 125 4 -2 -2 -2 600 -2 133 83 -2 423 -2 0 119 -2 -2 -2 326 38 -2 -2 -2 133 -2 -2 -2 138 -2 -2 -2 22 65 -2 -2 120 -2 148 -2 -2 89 -2 -2 -2 -2 -2 -2 196 -2 -2 -2 128 30 -2 522 5 -2 44 -2 -2 -2 -2 -2 -2 
-1 44 0 -1 -1 -1 6 2 1 -1 16 16 -1 0 17 -1 17 -1 17 -1 81 -1 1279 22 50 -1 17 1 36 409 -1 44 0 157 17 3 204 61 35 -1 -1 3014 0 82 17 46 36 2 121 -1 17 86 -1 82 1 52 5 17 119 0 -1 9 -1 28 19 -1 -1 -1 36 16 2 52 1 80 36 17 93 -1 19 127 33 15 55 35 -1 53 136 45 -1 23 17 1 -1 19 0 -1 16 61 -1 75 2 -1 16 -1 0 35 31 44 -1 
-2 -2 -1 -2 -1 -2 -2 -2 -2 -2 -2 -1 -2 -1 -2 -2 -2 -2 -2 -2 -2 -2 -2 -2 -2 -2 -2 -2 -1 -2 -1 -1 -2 -2 -2 -2 -2 -1 -2 -2 -2 -2 -1 -3 -1 -2 -1 -2 -2 -2 -2 -1 -2 -2 -1 -2 -1 -2 -2 -1 0 -2 -2 -1 -2 -2 -2 -2 -1 -2 -2 -2 -1 -2 -2 -4 -2 -1 -2 -2 -1 -2 -2 -3 -3 -2 -2 -2 -2 -2 -2 -2 -1 -2 -2 -2 -1 -2 -2 -2 -2 -2 -2 -2 -2 -2 -2 -2 -2 
-2 -2 9 -2 19 -2 -2 -2 -2 -2 -2 9 -2 9 -2 -2 -2 -2 -2 -2 25 -2 -2 -2 -2 -2 -2 -2 9 -2 19 -1 -2 -2 -2 -2 -2 19 -2 -2 -2 -2 9 -2 9 -2 9 -2 -2 -2 -2 29 -2 -2 19 -2 24 -2 -2 9 -2 0 -2 38 -2 -3 -2 -2 9 -2 -2 -3 9 -2 -2 -2 -2 9 -2 -2 11 -2 -2 -2 -2 -2 -2 -2 -2 -2 -2 -2 19 -2 -2 -2 11 -2 -2 -2 -2 -2 -2 -2 -2 -2 -2 -2 -2 
-2 -2 -1 -2 -1 -2 -2 -2 -2 -2 -2 -1 -2 -1 -2 -2 -2 -3 -2 -2 0 -2 -2 -2 -2 -2 -2 -2 -1 0 -1 1 -2 -2 -2 -2 0 -1 -2 -2 -2 -2 -1 -2 -1 -2 -1 -2 -2 -2 -2 -1 -2 -2 -1 -2 -1 -2 -2 -1 -2 -2 0 -1 -2 -2 -2 -2 0 -2 -2 -2 0 -2 -2 -2 -2 -1 -2 -2 -1 -2 -2 -2 -2 -2 -2 -2 -2 -2 -2 -2 -1 -2 -2 -2 -1 -2 -2 -2 -2 -2 -2 -2 -2 -2 -2 -2 -2 
-1 114 26 -1 32 -1 33 8 -1 0 32 44 -1 16 52 -1 47 -1 39 -1 489 -1 4052 19 -1 -1 -1 8 61 1461 78 10 2 451 46 -1 358 152 -1 -1 -1 3658 17 -1 78 135 96 10 56 -1 -1 184 -1 4 36 91 240 -1 326 28 -1 38 -1 0 35 -1 -1 -1 91 -1 -1 125 33 242 45 -1 227 16 -1 1471 102 55 128 -1 -1 108 276 171 -1 57 40 7 44 21 21 -1 56 222 -1 254 11 -1 -1 -1 1 105 292 109 2 
-2 13 17 -2 14 -2 17 -2 -1 -2 -2 5 -2 7 -2 -2 -2 -2 7 -2 126 -2 756 -2 -1 -2 -2 -2 44 38 60 4 1 57 -2 -2 45 117 -2 0 -1 1 8 -2 59 22 27 4 3 -2 -2 151 -2 16 11 -2 173 -2 38 19 -2 -2 -2 35 0 -2 -2 -2 22 -2 -2 16 19 31 -2 -2 12 7 -2 79 19 10 25 -2 -2 12 32 24 -2 -2 -2 5 26 20 -2 -2 17 31 -2 96 3 -2 1 -2 0 13 129 -2 -2 
-2 -2 -1 -2 -1 -2 -2 -2 -2 -2 -2 -1 -2 -1 -2 -2 -2 -2 -2 -2 -2 -2 -2 -2 -2 -2 -2 -2 -1 -2 -1 -1 -2 -2 -2 -2 -2 -1 -2 -2 -2 -2 -1 -2 -1 -2 -1 -2 -2 -2 -2 -1 -2 -2 -1 -2 -1 -2 -2 -1 -2 -3 -2 -1 -2 0 -2 -2 -1 -2 -2 -3 -1 -2 -2 -2 -2 -1 -2 -2 -1 -2 -2 -2 -2 -2 -2 -2 -2 -2 -2 -2 -1 -2 -2 -2 -1 -2 -2 -2 -2 -2 -2 -2 -2 -2 -2 -2 -2 
-2 -2 -1 -2 -1 -2 -2 -6 -2 -2 -2 -1 -2 -1 -5 -2 -5 -2 -2 -2 -2 -4 -2 -2 -2 -2 -2 -2 -1 -1 -1 -1 -2 -2 -5 -2 -1 -1 -2 -2 -2 -2 -1 -2 -1 -2 -1 -2 -2 -9 -2 -1 -2 -2 -1 -2 -1 -2 -2 -1 -2 -2 -2 -1 -2 -2 0 -2 -1 -2 -2 -2 -1 -2 -2 -2 -2 -1 -2 -2 -1 -2 -2 -2 -2 -2 -2 -2 -2 -6 -2 -3 -1 -2 -2 -2 -1 -2 -2 -2 -2 -2 -2 -2 -2 -2 -2 -2 -2 
-4 -2 -1 -2 -1 -3 -2 -2 -2 -2 -2 -1 -3 -1 -2 -2 -2 -2 -2 -2 -2 -2 -2 -2 -2 -3 -2 -2 -1 -2 -1 -1 -2 -2 -2 -2 -2 -1 -2 -2 -2 -2 -1 -2 -1 -2 -1 -2 -3 -2 -2 -1 -2 -2 -1 -2 -1 -2 -2 -1 -2 -2 -2 -1 -2 -2 -2 0 -1 -2 -2 -2 -1 -2 -2 -2 -2 -1 -2 -2 -1 -2 -2 -2 -2 -3 -2 -3 -2 -2 -2 -2 -1 -2 -2 -2 -1 -2 -2 -3 -2 -2 -2 -2 -2 -2 -2 -2 -2 
-1 53 29 -1 17 -1 6 2 24 -1 21 27 -1 9 58 -1 49 -1 24 -1 141 -1 1284 48 90 -1 23 1 115 791 111 132 0 175 47 36 226 269 143 -1 -1 11671 11 107 129 61 77 2 174 -1 64 362 -1 122 11 69 347 49 133 36 -1 9 0 91 22 -1 -1 -1 0 73 46 55 31 102 104 32 93 11 49 1349 49 15 132 89 -1 66 135 46 -1 53 35 1 41 47 0 -1 43 67 -1 246 2 -1 21 -1 0 36 195 48 -1 
-2 -2 14 -2 8 -2 -2 -2 -2 -7 -2 -1 -2 4 -2 -2 -2 -2 -2 -2 -2 -2 -2 -7 -2 -2 -2 -3 97 26 54 -1 -2 -2 -2 -2 42 93 -19 -2 -2 -4 5 -2 84 -2 78 -2 -2 -2 -2 282 -2 -2 4 -2 -1 -2 -2 16 -2 -2 -2 -1 -2 -2 -2 -2 73 0 -2 -2 16 -2 -6 -2 -2 -1 -2 -2 -1 -2 -2 -2 -2 -2 -2 -2 -2 -2 -2 -2 -1 -2 -2 -2 41 -2 -2 -2 -2 -2 29 -2 -2 -2 -4 -2 -2 
-2 -2 6 -2 -1 -2 -2 -2 -4 -2 -2 -1 -2 5 -2 -2 -2 -1 -2 -2 1 -2 -2 -2 -3 -2 -2 -2 10 378 -1 15 -2 -2 -2 -2 195 15 12 -2 -1 26 5 43 -1 44 51 -2 -2 -2 -2 17 -2 -2 1 35 -1 -2 -2 2 -2 -2 -2 -1 -2 -2 -2 -2 46 -2 0 -2 12 -2 -2 -2 -2 -1 -2 -2 -1 -2 -2 -2 -2 -2 -2 -2 -2 -2 -2 -2 -1 -2 -2 -2 -1 -2 -2 -2 0 -2 -2 -2 -1 -2 71 68 -2 
-2 -2 50 -2 64 -2 -2 -2 -2 -2 -2 39 -2 34 -2 -2 -2 -2 -2 -2 187 -2 -2 -2 -2 -2 -2 -2 77 22 129 -1 -2 -2 -2 -2 29 194 -2 -2 -2 -2 38 -2 92 -2 60 3 -2 -2 -2 268 -2 46 47 -2 267 -2 -2 52 -2 -3 -2 125 16 -3 -2 -2 55 -2 -2 0 54 -2 -2 -2 18 34 -2 -2 48 -2 40 -2 -2 40 -2 -2 -2 -2 -2 -2 89 -2 -2 -2 50 -2 -2 204 4 -2 -2 -2 -2 -2 -2 -2 -2 
-1 43 0 -1 1 -1 6 2 4 -1 16 18 -1 0 16 -1 16 -1 16 -1 110 -1 1348 20 38 -1 16 1 34 445 2 50 0 176 16 9 209 57 33 -1 -1 3337 0 83 19 46 34 2 102 -1 17 101 -1 77 1 51 9 17 138 1 -1 9 0 33 19 -1 -1 -1 31 16 12 54 0 86 34 17 100 1 16 129 34 15 57 33 -1 54 144 48 -1 23 16 1 1 18 1 -1 17 67 -1 71 2 -1 16 -1 0 38 28 23 -1 
-2 -2 80 -2 111 -2 -2 -2 -2 -2 -2 80 -2 59 -2 -2 -2 -2 -2 -2 206 -2 -2 -2 -2 -2 -2 -2 80 1 178 -1 -2 -2 -2 -2 -2 195 -2 -2 -2 -2 65 -2 80 -2 103 3 -2 -2 -2 334 -2 -2 83 -2 263 -2 -2 80 -2 -2 -2 242 31 -2 -2 -2 102 -2 -2 -2 86 0 -2 -2 12 59 -2 -2 110 -2 -2 -2 -2 76 -2 -2 -2 -2 -2 -2 157 -2 -2 -2 100 -2 -3 357 1 -2 -2 -2 -2 -2 -2 -2 -2 
-2 -2 29 -2 17 -2 -2 -2 -2 -4 -2 19 -2 9 -2 -2 -2 -2 -2 -2 -2 -2 -2 13 -2 -2 -2 -3 153 220 109 138 -2 -2 -2 -2 284 307 48 -2 -2 48 9 -2 148 -2 115 -2 -2 -2 -2 457 -2 -2 9 -2 170 -2 -2 36 -2 -2 -2 45 -2 -2 -2 -2 104 -6 -2 -2 34 -2 0 -3 -2 4 -2 -2 36 -2 -2 -2 -2 -2 -2 -2 -2 -2 -2 -2 20 -2 -2 -2 62 -2 -2 -2 -2 -2 39 -2 -2 -2 120 -2 -2 
-2 -2 14 -2 8 -2 -2 -2 -2 -2 -2 -1 -2 3 -2 -2 -2 -2 -2 -2 -2 -2 -2 -2 -2 -2 -2 -2 56 69 54 51 -2 -2 -2 -2 80 132 -2 -2 -2 -2 5 -3 63 -2 35 -2 -2 -2 -4 177 -2 -2 3 -2 -1 -2 -2 17 -4 -2 -2 -1 -2 -2 -2 -2 32 -2 -2 -2 17 -2 -3 0 -2 -1 -2 -2 -1 -2 -2 -6 -3 -2 -2 -2 -2 -2 -2 -2 -1 -2 -2 -2 20 -2 -2 -2 -2 -3 8 -2 -2 -2 -2 -2 -2 
-2 48 93 -2 106 -2 4 -2 -1 -2 -2 70 -2 57 -2 -2 -2 -2 -2 -2 230 -2 451 -2 -1 -2 -2 -2 93 -4 219 4 1 22 -2 -2 -4 246 -2 0 -1 0 65 -2 93 24 93 -4 2 -2 -2 443 -2 -3 77 -2 372 -2 22 93 -2 -2 -2 227 12 -2 -2 -2 93 -2 -2 18 100 12 -2 -2 0 57 -2 -2 102 13 89 -2 -2 62 12 12 -2 -2 -2 4 159 3 -2 -2 93 21 -2 485 -4 -2 1 -2 -2 7 145 -2 -2 
-1 19 -1 -1 -1 -1 6 4 -1 -1 4 4 -1 -1 4 -1 4 -1 4 -1 42 -1 882 2 -1 -1 -1 1 -1 205 -1 2 0 78 4 -1 89 -1 -1 -1 -1 874 -1 -1 -1 29 9 2 5 -1 -1 -1 -1 0 -1 14 5 -1 65 -1 -1 9 -1 16 7 -1 -1 -1 11 -1 -1 34 1 59 4 -1 57 0 -1 103 9 15 36 -1 -1 17 69 39 -1 13 4 1 -1 -1 0 -1 4 39 -1 23 2 -1 -1 -1 0 29 21 29 -1 
-2 -2 14 -2 8 -2 -2 -2 -2 -2 -2 -1 -2 1 -2 -2 -2 -2 -2 -2 1 -2 -2 -2 -2 -2 -5 -2 74 212 54 36 -2 -2 -2 -2 229 161 -2 9 -2 -2 5 -2 73 -2 55 -2 -2 -2 -2 216 -2 -2 1 -2 -1 -3 -2 19 -2 -2 -2 -1 -2 -2 -2 -2 49 -2 -2 -2 16 -2 -2 -2 -2 -1 0 -2 -1 -2 -2 -2 -2 -2 -2 -2 -2 -2 -2 -2 -1 -2 -2 -2 29 -2 -2 -2 -2 -2 17 -2 -2 -2 -2 -2 -2 
-2 -2 123 -2 200 -2 -2 -2 -2 -2 -2 644 -2 103 -2 -2 -2 -2 -2 -2 417 -2 -2 -2 -2 -2 -2 -2 179 3283 297 -1 -2 -2 -2 -2 3736 414 -2 -2 -2 -3 105 -2 208 -2 1359 -2 -3 -2 -2 572 -2 -2 273 -2 864 -2 -2 127 -2 -2 -2 1471 79 -2 -2 -2 1349 -2 -2 -2 129 -2 -2 -2 -2 103 -2 0 1519 -2 328 -2 -2 -2 2082 -2 -2 -2 -2 -2 242 -2 -2 -2 728 408 -2 -2 -2 -2 -2 -2 -2 -2 -2 -2 -2 
-1 53 29 -1 17 -1 8 7 -1 -1 12 25 -1 9 50 -1 40 -1 17 -1 294 -1 1618 1 -1 -1 -1 1 83 925 109 4 1 162 38 -1 165 223 -1 -1 -1 2103 11 20 113 60 59 8 22 -1 -1 285 -1 1 15 42 345 -1 120 33 -1 11 -1 102 19 -1 -1 -1 49 -1 -1 48 34 110 36 -1 102 9 -1 1519 0 19 58 -1 -1 43 109 70 -1 44 26 1 45 -1 33 -1 34 80 -1 214 5 -1 -1 -1 0 39 224 41 -1 
-2 -2 15 -2 31 -2 -2 -2 -2 -5 -2 15 -2 15 -2 -2 -2 -2 -2 -2 37 -2 -2 -3 -2 -2 -2 -2 15 4 31 -1 -2 -2 -2 -2 4 31 -2 -2 -2 -2 15 -2 15 -2 15 1 -2 -2 -2 47 -2 -2 31 -2 41 -2 -2 15 -2 -2 -2 55 10 -2 -2 -2 15 -2 -2 -2 15 -2 -2 -2 13 15 -2 -2 19 0 6 -3 -2 22 -2 -2 -2 -2 -2 -2 31 -2 -2 -5 15 -2 -2 32 1 -2 -2 -2 -2 -3 -2 -2 -2 
-2 32 53 -2 70 -2 11 -2 -2 -2 -2 50 -2 34 -2 -2 -2 -2 38 -2 120 -2 689 -2 -2 -2 -2 -2 80 159 135 1 0 225 -2 -2 176 200 -2 -2 -2 39 41 -2 81 49 147 2 0 -2 -2 265 -2 -1 51 -2 289 -2 148 55 -2 -2 -2 128 25 -2 -2 -2 132 -2 -2 40 57 -2 -2 -2 89 36 -2 328 58 6 0 -2 -2 26 99 3 -2 -2 -2 -2 76 -1 -2 -2 83 66 -2 186 4 -2 -1 -2 0 -2 182 -2 -2 
-2 -2 29 -2 17 -2 -2 -2 -2 -2 -2 -1 -2 3 -2 -2 -2 -2 -2 -2 -2 -2 -2 -3 -2 -2 -2 -2 137 9 109 -1 -2 -2 -2 -2 25 304 -2 -2 -2 -2 11 -3 140 -2 97 -2 -2 -2 -2 426 -2 -2 3 -2 -1 -2 -2 35 -3 -2 -2 -1 -2 -2 -2 -2 89 -2 -2 -2 33 -2 -2 -6 -2 -1 -2 -2 -1 -3 -2 0 -2 -2 -2 -2 -2 -2 -2 -2 -1 -2 -2 -2 54 -2 -2 -2 -2 -2 55 -2 -2 -3 -2 -2 -2 
-2 -2 -1 -2 -1 -2 -2 -2 -2 -2 -2 -1 -2 1 -2 -2 -2 -2 -2 -2 -2 -2 -2 -2 -2 -2 -2 -2 -1 -2 -1 -1 -2 -2 -2 -2 -2 -1 -2 -2 -2 -2 -1 -2 -1 -2 -1 -2 -2 -2 -2 -1 -2 -2 0 -2 -1 -2 -2 -1 -3 -2 -2 -1 -2 -2 -2 -2 -1 -2 -2 -2 -1 -2 -2 -3 -2 -1 -2 -2 -1 -2 -2 -2 0 -2 -2 -2 -2 -2 -2 -2 -1 -2 -2 -2 -1 -2 -2 -2 -2 -2 -2 -2 -2 -2 -2 -2 -2 
-3 36 47 -2 32 -3 23 -2 -1 -2 -2 26 -3 17 -2 -2 -2 -2 6 -2 313 -2 895 -2 -1 -3 -2 -2 132 141 170 4 0 122 -2 -2 164 347 -2 0 -1 1 20 -2 179 53 81 6 1 -2 -2 439 -2 -3 25 -2 518 -2 89 53 -2 -2 -2 108 12 -2 -2 -3 66 -2 -2 40 54 76 -2 -2 62 17 -2 -2 43 22 26 -2 -2 0 114 89 -2 -2 -2 0 69 3 -2 -2 49 60 -2 153 2 -2 1 -2 0 33 253 -2 -2 
-2 -2 134 -2 127 -2 24 -2 -2 -2 -2 86 -2 69 -2 -2 -2 -2 62 -2 339 -2 -2 -2 -2 -2 -2 -2 135 -2 333 -1 -2 -2 -2 -2 -2 390 -2 -2 -2 65 80 -2 137 -2 135 3 98 -2 -2 689 -2 148 92 -2 451 -2 -2 136 -2 -2 -2 276 32 -2 -2 -2 135 -2 -2 -2 144 -2 -2 -2 12 69 -2 2082 109 -2 99 -2 -2 114 0 -2 -2 -2 -2 -2 215 221 -2 -2 132 24 -2 666 4 -2 -2 -2 -2 -2 -2 -2 -2 
-3 -2 45 -2 75 -3 5 -2 -2 -2 -2 43 -3 39 -2 -2 -2 -2 42 -2 176 -2 -2 -2 -2 -3 -2 -2 45 -2 94 -1 -2 -2 -2 -2 -2 102 -2 -2 -2 -2 42 -2 45 -2 45 1 4 -2 -2 155 -2 5 63 -2 159 -2 -2 45 -2 -2 -2 171 24 -2 -2 -3 46 -2 -2 -2 48 -2 -2 -2 12 39 -2 -2 70 -2 3 -2 -2 89 -2 0 -2 -2 -2 -2 88 32 -2 -2 77 20 -2 296 4 -2 -2 -2 -2 -2 -2 -2 -2 
-2 -2 -1 -2 -1 -2 -2 -2 -2 -2 -2 -1 -2 -1 -2 -2 -2 -2 -2 -2 -2 -2 -2 -2 -2 -2 -2 -2 -1 -2 -1 -1 -2 -2 -2 -2 -2 -1 -2 -2 -2 -2 -1 -2 -1 -2 -1 -2 -2 -2 -2 -1 -2 -2 -1 -2 -1 -2 -2 -1 -2 -2 -2 -1 -2 -2 -2 -2 -1 -2 -2 -2 -1 -2 -2 -2 -2 -1 -2 -2 -1 -2 -2 -2 -2 -2 -2 -2 0 -2 -2 -2 -1 -2 -2 -2 -1 -2 -2 -2 -2 -2 -2 -2 -2 -2 -2 -2 -2 
-2 -2 20 -2 20 -2 -2 -3 -2 -2 -2 26 -2 10 1 -2 0 -2 -2 -2 56 -4 -2 -2 -2 -2 -2 -2 77 81 67 -1 -2 -2 0 -2 100 172 -2 -2 -2 -2 11 -2 78 -2 58 -2 -2 -6 -2 203 -2 -2 17 -2 180 -2 -2 23 -2 -2 -2 57 -2 -2 -6 -2 53 -2 -2 -2 23 -2 -2 -2 -2 13 -2 -2 44 -2 -2 -2 -2 -2 -2 -2 -2 0 -2 -3 32 -2 -2 -2 34 -2 -2 -2 -2 -2 -2 -2 -2 -2 -2 -2 -2 
-2 -2 14 -2 8 -2 -2 -2 -2 -2 -2 14 -2 4 -2 -2 -2 -2 -2 -2 112 -2 -2 -2 -2 -2 -2 -2 59 128 54 -1 -2 -2 -2 -2 143 141 -2 -2 -2 -2 5 -2 65 -2 40 -2 -2 -2 -2 187 -2 -2 5 -2 170 -2 -2 17 -2 -2 -2 40 -2 -2 -2 -2 35 -2 -2 -2 16 -2 -2 -2 -2 4 -2 -2 26 -2 -2 -2 -2 -2 -2 -2 -2 -2 0 -2 20 -2 -2 -2 22 -2 -2 -2 -2 -2 -2 -2 -2 -2 -2 -2 -2 
-2 -2 1 -2 3 -2 -2 -3 -2 -2 -2 1 -2 1 -3 -2 -3 -2 -2 -2 5 -3 -2 -2 -2 -2 -2 -2 1 -2 3 -1 -2 -2 -3 -2 -2 3 -2 -2 -2 -2 1 -2 1 -2 1 -1 -2 -3 -2 5 -2 -2 3 -2 8 -2 -2 1 -2 -2 -2 7 5 -2 -3 -2 1 -2 -2 -2 1 -2 -2 -2 4 1 -2 -2 1 -2 -2 -2 -2 0 -2 -2 -2 -3 -2 0 3 -2 -2 -2 1 -2 -2 0 -1 -2 -2 -2 -2 -2 -2 -2 -2 
-1 56 -1 -1 -1 -1 13 6 -1 -1 20 19 -1 -1 20 -1 20 -1 21 -1 104 -1 2211 3 -1 0 -1 3 -1 623 -1 5 1 246 20 -1 299 -1 -1 -1 -1 2577 -1 0 -1 70 41 5 24 -1 -1 -1 -1 1 -1 62 11 -1 196 -1 -1 19 -1 44 26 -1 -1 -1 41 -1 -1 89 1 157 20 -1 159 -1 -1 242 45 31 76 -1 -1 69 215 88 -1 32 20 3 0 -1 4 -1 20 106 -1 89 5 -1 -1 -1 1 68 50 75 -1 
-2 -2 14 -2 8 -2 16 -2 -2 -2 -2 19 -2 1 -2 -2 -2 -2 -1 -2 118 -2 -2 -2 -2 -2 -2 -2 72 261 55 -1 -2 -2 -2 -2 278 158 -2 -2 -2 -2 6 -2 57 -2 51 3 28 -2 -2 205 -2 -1 1 -2 -1 -2 -2 19 -2 -2 -2 21 20 -2 -2 -2 47 -2 -2 -2 18 -2 -2 -2 3 -1 -2 -2 -1 -2 -1 -2 -2 3 221 32 -2 -2 -2 -2 -1 0 -2 -2 28 -1 -2 3 6 -2 -2 -2 -2 -2 -2 -2 -2 
-2 -3 0 -2 1 -2 -2 -2 -2 -2 -2 3 -2 0 -2 -2 -2 -2 -2 -2 37 -2 -2 -2 -2 -2 -2 -2 0 54 1 -1 -2 -2 -2 -2 56 2 -2 -2 -2 -2 1 -2 0 -2 0 -2 -2 -2 -2 3 -2 -2 4 -3 6 -2 -2 0 -2 -2 -2 21 -2 -2 -2 -2 0 -2 -2 -2 1 -2 -2 -2 -2 0 -2 -2 33 -2 -2 -2 -2 -2 -2 -2 -2 -2 -2 -2 4 -2 0 -2 0 -2 -2 -2 -2 -2 -2 -2 -2 -2 -2 -2 -2 
-2 -2 -1 -2 -1 -2 -2 -2 -2 -8 -2 -1 -2 -1 -2 -2 -2 -2 -2 -2 -2 -2 -2 -2 -2 -2 -2 -2 -1 -1 -1 -1 -2 -2 -2 -2 -1 -1 -2 -2 -2 -2 -1 -2 -1 -2 -1 -2 -2 -2 -2 -1 -2 -2 0 -2 -1 -2 -2 -1 -2 -2 -2 -1 -2 -2 -2 -2 -1 -2 -2 -2 -1 -2 -2 -2 -2 -1 -2 -2 -1 -5 -2 -2 -2 -2 -2 -2 -2 -2 -2 -2 -1 -2 -2 0 -1 -2 -2 -2 -2 -2 -1 -2 -2 -2 -2 -2 -2 
-1 41 14 -1 8 -1 6 2 -1 -1 15 18 -1 4 34 -1 29 -1 17 -1 102 -1 1451 30 45 -1 16 1 67 660 53 56 0 164 28 -1 198 150 81 -1 -1 6673 5 78 67 54 48 2 127 -1 36 207 -1 86 5 49 177 29 128 16 -1 11 -1 56 17 -1 -1 -1 43 41 -1 50 17 100 62 20 93 4 29 728 34 15 83 54 -1 49 132 77 -1 34 22 1 20 28 0 -1 0 64 -1 144 2 -1 15 -1 0 36 119 43 -1 
-2 -2 59 -2 73 -2 12 -2 -2 -2 -2 50 -2 39 -2 -2 -2 -2 48 -2 320 -2 -2 -2 -2 -2 -2 -2 86 11 150 0 -2 62 -2 -2 15 223 -2 -2 -2 50 44 -2 87 -2 67 3 -2 -2 -2 303 -2 -2 66 -2 318 -2 30 61 -2 -2 -2 222 31 -2 -2 -2 67 -2 -2 -2 67 -2 -2 -2 21 39 -2 408 80 -2 66 -2 -2 60 24 20 -2 -2 -2 -2 106 -1 -2 -2 64 0 -2 305 1 -2 -1 -2 -2 -2 -2 -2 -2 
-2 -2 -1 -2 -1 -2 -2 -2 -2 -2 -2 -1 -2 -1 -2 -2 -2 -2 -2 -2 -2 -2 -2 -2 -2 -2 -2 -2 -1 -2 -1 -1 -2 -2 -2 -2 -2 -1 -2 -2 -2 -2 -1 -2 -1 -2 -1 -2 -2 -2 -2 -1 -2 -2 -1 -2 -1 -2 -2 -1 -2 -2 -2 -1 -2 -2 -2 -2 -1 -2 -2 -2 -1 -3 -2 -2 -2 -1 -2 -2 -1 -2 -2 -2 -2 -2 -2 -2 -2 -2 -2 -2 -1 -2 -2 -2 -1 -2 0 -2 -2 -2 -2 -2 -2 -2 -2 -2 -2 
-3 137 62 -2 41 -3 24 -2 -1 -2 -2 112 -3 22 -2 -2 -2 -2 95 -2 776 -2 4831 -2 -1 -3 -2 -2 338 851 226 4 0 855 -2 -2 955 712 -2 0 -1 1 26 -2 314 206 266 6 1 -2 -2 828 -2 -3 31 -2 708 -2 522 75 -2 -2 -2 254 96 -2 -2 -3 246 -2 -2 204 71 357 -2 -2 485 23 -2 -2 214 32 186 -2 -2 153 666 296 -2 -2 -2 0 89 3 -2 -2 144 305 -2 0 2 -2 1 -2 0 114 451 -2 -2 
-2 5 2 -2 5 -2 2 -2 1 -2 -2 2 -2 2 -2 -2 -2 -2 -2 -2 11 -2 10 -2 1 -2 -2 -2 2 -2 5 9 -1 1 -2 -2 -2 5 -2 0 -1 0 2 -2 2 9 2 -4 14 -2 -2 7 -2 -1 5 -2 9 -2 5 2 -2 -2 -2 11 3 -2 -2 -2 2 -2 0 4 2 1 -2 -2 -4 2 -2 -2 5 1 4 -2 -2 2 4 4 -2 -2 -2 -1 5 6 -2 -2 2 1 -2 2 0 -2 4 -2 -1 1 6 -2 -2 
-2 -2 -1 -2 -1 -2 -2 -2 -2 -2 -2 -1 -2 1 -2 -2 -2 -2 -2 -2 -2 -2 -2 -2 -2 -2 -2 -2 -1 -2 -1 -1 -2 -2 -2 -2 -2 -1 -2 -2 -2 -2 -1 -2 -1 -2 -1 -2 -2 -2 -2 -1 -2 -2 0 -2 -1 -2 -2 -1 -2 -2 -2 -1 -2 -2 -2 -2 -1 -2 -2 -2 -1 -2 -2 -3 -2 -1 -2 -2 -1 -2 -2 -2 -2 -2 -2 -2 -2 -2 -2 -2 -1 -2 -2 -2 -1 -2 -2 -2 -2 0 -2 -2 -2 -2 -2 -2 -2 
-2 3 14 -2 8 -2 14 -2 -2 -1 1 -1 -2 1 -2 -2 -2 -1 -2 -2 7 -2 -2 58 22 -2 4 4 45 527 54 2 -2 -2 -2 -2 63 117 58 11 -2 2885 5 20 46 29 26 1 -2 -2 -1 144 -2 3 1 6 -1 17 44 16 -2 -2 -2 -1 1 -2 -2 -2 21 29 -2 -2 16 -2 39 8 1 -1 17 -2 -1 -2 -1 55 -2 1 -2 -2 -2 -2 -2 -2 -1 -2 -2 -1 15 -1 -2 1 4 -2 0 -2 0 -2 133 21 -2 
-2 -2 -1 -2 -1 -2 -2 -2 -2 -2 -2 -1 -2 -1 -2 -2 -2 -2 -2 -2 -2 -2 -2 -2 -2 -2 -2 -2 -1 -2 -1 -1 -2 -2 -2 -2 -2 -1 -2 -2 -2 -2 -1 -2 -1 -2 -1 -2 -2 -2 -2 -1 -2 -2 -1 -2 -1 -2 -2 -1 -2 -2 -2 -1 -2 -2 -2 -2 -1 -2 -2 -2 -1 -2 -2 -2 -2 -1 -2 -2 -1 -2 -2 -2 -2 -2 -2 -2 -2 -2 -2 -2 -1 -2 -2 -2 -1 -2 -2 -2 -2 -2 -2 0 -2 -2 -2 -2 -2 
-2 -2 0 -2 1 -2 -2 -2 -1 -2 -2 0 -2 0 -2 -2 -2 -2 -2 -2 0 -2 -2 -2 -1 -2 -2 -2 0 -2 1 -1 -2 -2 -2 -2 -2 1 -2 -2 -2 -2 0 -2 0 -2 0 -2 -2 -2 -2 2 -2 -1 1 -2 1 -2 -2 0 -2 -2 -2 1 0 -2 -2 -2 0 -2 -1 -2 0 -2 -2 -2 -2 0 -2 -2 0 -2 0 -2 -2 0 -2 -2 -2 -2 -2 -2 1 -2 -2 -2 0 -2 -2 0 -1 -2 0 -2 0 -2 -2 -2 -2 
-2 -2 35 -2 55 -2 -2 -2 -2 -2 -2 33 -2 29 -2 -2 -2 -2 -2 -2 112 -2 -2 -3 -2 -2 -2 -2 35 -1 74 -1 -2 -2 -2 -2 -1 82 -2 -2 -2 -2 32 -2 35 -2 35 3 -2 -2 -2 125 -2 -1 41 -2 102 -2 -2 35 -2 -2 -2 105 13 -2 -2 -2 36 -2 -2 -2 38 -2 -2 -2 7 29 -2 -2 39 -3 -2 -3 -2 33 -2 -2 -2 -2 -2 -2 68 -2 -2 -2 36 -2 -2 114 1 -2 -2 -2 -2 0 -2 -2 -2 
-2 -2 30 -2 37 -2 -2 -2 49 -2 -2 107 -2 20 -2 -2 -2 -2 -2 -2 436 -2 -2 85 34 -2 -2 -3 212 445 88 348 -2 -2 -2 -2 246 388 136 -2 -2 135 20 -2 153 -2 196 5 -2 -2 -2 316 -2 203 33 -2 277 -2 -2 31 -2 -2 -2 292 129 -2 -2 -2 195 -4 71 -2 28 -2 120 -2 145 21 -2 -2 224 -2 182 -2 -2 253 -2 -2 -2 -2 -2 -2 50 -2 -2 -2 119 -2 -2 451 6 -2 133 -2 -2 -2 0 -2 -2 
-2 -2 42 -2 55 -2 -2 -2 27 -2 -2 34 -2 29 -2 -2 -2 -2 -2 -2 75 -2 -2 -2 6 -2 -2 -2 67 45 99 -1 -2 -2 -2 -2 53 136 -2 -2 -2 -2 32 -2 69 -2 54 -2 -2 -2 -2 232 -2 -2 41 -2 243 -2 -2 44 -2 -2 -2 109 -2 -2 -2 -2 48 -2 68 -2 23 -2 -2 -2 -2 29 -2 -2 41 -2 -2 -2 -2 -2 -2 -2 -2 -2 -2 -2 75 -2 -2 -2 43 -2 -2 -2 -2 -2 21 -2 -2 -2 -2 0 -2 
-2 -2 -1 -2 -1 -2 -2 -2 -2 -2 -2 0 -2 -1 -2 -2 -2 -2 -2 -2 -2 -2 -2 -2 -2 -2 -2 -2 -1 -2 -1 -1 -2 -2 -2 -2 -2 -1 -2 -2 -2 -2 -1 -2 -1 -2 -1 -2 -2 -2 -2 -1 -2 -2 0 -2 -1 -2 -2 -1 -2 -2 -2 2 -2 -2 -2 -2 -1 -2 -2 -2 -1 -2 -2 -2 -2 -1 -2 -2 -1 -2 -2 -2 -2 -2 -2 -2 -2 -2 -2 -2 -1 -2 -2 -2 -1 -2 -2 -2 -2 -2 -2 -2 -2 -2 -2 -2 0 
