0 29 -2 37 -2 5 -1 -1 37 -1 -1 37 37 37 37 37 37 37 -2 37 37 37 37 37 -2 37 37 113 37 113 37 36 227 37 37 37 36 227 37 37 113 1177 37 36 37 36 -1 37 37 37 -1 37 -1 75 37 37 -1 -1 37 37 37 -1 37 37 113 75 37 -1 37 37 37 37 37 37 -1 37 113 37 189 37 -1 37 37 37 37 -1 37 -1 37 37 37 -1 37 37 37 37 37 -1 -1 37 37 75 37 37 113 37 37 113 75 37 75 37 37 75 37 37 37 37 37 37 37 37 37 -1 37 37 -1 37 37 37 -1 37 37 -1 37 -1 -1 37 37 37 37 37 37 37 41 37 37 37 37 37 37 37 37 37 37 37 37 37 37 37 -1 37 37 38 37 38 -1 37 37 37 37 37 37 38 -1 37 37 37 37 37 37 -1 37 38 37 37 37 37 37 37 37 37 37 37 37 37 36 -1 36 37 75 37 37 13 37 37 37 37 -1 -2 -2 37 75 37 -1 44 113 37 36 13 37 37 113 37 37 37 37 37 113 37 37 37 35 37 37 113 75 113 37 37 36 113 37 37 
29 0 -1 64 99 2 -1 -1 64 -1 29 109 69 44 74 54 59 44 9 64 74 44 44 89 -1 108 44 188 44 209 49 29 279 44 66 44 29 212 68 44 194 1249 44 29 59 29 -1 54 44 44 -1 64 24 59 49 66 -1 -1 58 49 74 -1 39 44 139 104 79 -1 90 44 39 74 54 44 -1 54 173 29 314 64 -1 39 79 29 54 -1 69 -1 69 44 79 -1 49 54 44 44 59 -1 -1 63 44 117 39 49 209 72 64 139 183 114 106 54 44 124 64 59 64 59 44 64 59 64 49 29 81 64 29 94 69 109 39 104 69 39 64 -1 39 74 74 60 99 64 29 99 61 44 43 44 109 44 74 44 44 44 58 44 119 99 44 98 54 44 100 84 109 84 -1 84 49 49 49 134 44 104 -1 54 109 39 79 84 124 19 59 84 44 85 49 94 49 39 85 99 44 44 44 44 54 -1 39 39 59 59 44 2 69 49 84 44 -1 0 0 44 94 99 22 144 199 34 29 2 69 44 153 74 69 69 74 89 159 79 74 69 34 44 59 139 154 129 29 39 30 154 44 44 
-2 -1 0 19 -2 -1 -1 -1 19 -1 -1 19 19 19 19 19 19 19 -2 19 19 19 19 19 -2 19 19 59 19 59 19 18 119 19 19 19 18 119 19 19 59 619 19 18 19 18 -1 19 19 19 -1 19 -1 39 19 19 -1 -1 19 19 19 -1 19 19 59 39 19 -1 19 19 19 19 19 19 -1 19 59 19 99 19 -1 19 19 19 19 -1 19 -1 19 19 19 -1 19 19 19 19 19 -1 -1 19 19 39 19 19 59 19 19 59 39 19 39 19 19 39 19 19 19 20 19 19 19 19 19 -1 19 19 -1 19 19 19 -1 19 19 -1 19 -1 -1 19 19 19 19 19 19 19 21 19 19 19 19 19 19 19 19 19 19 19 19 19 19 19 -1 19 19 19 19 19 -1 19 19 19 19 19 19 19 -1 19 19 19 19 19 19 -1 19 19 19 19 19 19 19 19 19 19 19 19 19 19 19 -1 18 19 39 19 19 5 19 19 19 19 -1 -2 -2 19 39 19 -1 22 59 19 18 5 19 19 59 19 19 19 19 19 59 19 19 19 18 19 19 59 39 59 19 19 18 59 19 19 
37 64 19 0 40 -1 -1 -1 -25 -1 21 77 71 75 76 80 89 75 7 -25 68 75 80 71 11 83 81 203 81 213 104 70 383 74 72 78 62 413 72 83 238 2882 73 65 92 63 -1 74 74 62 -1 116 39 124 75 80 -1 -1 78 72 72 -1 87 80 215 136 69 -1 72 73 77 68 78 85 -1 68 210 72 366 82 -1 77 69 84 74 -1 67 -1 78 74 69 -1 74 78 72 80 99 -1 -1 78 78 137 72 81 203 69 66 190 153 80 129 68 75 132 96 100 85 77 81 66 65 66 63 15 75 96 55 108 73 93 30 80 83 79 92 4 22 68 100 66 73 84 88 73 98 74 80 80 91 78 77 78 76 83 77 70 101 73 78 78 36 79 82 74 79 74 -1 70 77 63 77 86 84 78 -1 64 79 74 73 70 82 54 84 74 82 76 86 72 63 77 76 73 82 78 78 80 85 -1 64 74 128 65 74 31 84 82 74 85 -1 38 36 78 170 73 11 93 201 60 71 24 73 76 203 74 67 67 92 71 193 69 78 73 72 72 74 189 138 187 79 79 84 214 74 76 
-2 99 -2 40 0 19 -1 -1 40 -1 0 40 40 39 40 40 40 39 -2 40 40 40 39 40 -2 40 39 122 39 123 39 39 245 39 40 39 39 245 40 39 122 1270 39 39 40 39 -1 40 39 40 -1 40 -1 81 38 40 -1 -1 40 39 38 -1 40 39 120 81 40 -1 40 39 40 40 41 39 -1 39 122 40 203 40 -1 40 40 40 40 -1 40 -1 40 39 40 -1 41 40 39 39 40 -1 -1 40 39 82 40 40 122 40 40 122 80 40 81 40 39 81 40 41 40 41 41 40 40 40 40 -1 40 40 -1 40 40 40 -1 40 40 -1 40 -1 -1 40 40 40 40 40 40 40 48 39 40 39 40 40 40 39 39 39 40 39 40 40 39 40 -1 39 41 40 40 40 -1 40 41 40 41 40 39 40 -1 40 41 40 40 40 41 -2 41 40 39 40 39 40 40 40 40 40 39 39 39 40 40 -1 40 40 81 40 39 22 41 40 40 39 -1 0 -2 40 81 40 0 50 122 40 39 22 40 39 122 41 40 40 40 40 122 40 40 40 39 39 40 122 81 122 40 40 39 122 39 39 
5 2 -1 -1 19 0 -2 -2 -1 -2 5 -2 -2 -2 -2 -2 -2 -2 1 -1 -2 -2 -2 -2 -1 -2 -2 -2 -2 -2 -2 -1 -2 -2 -2 -2 -1 -1 -2 -2 -2 1 -2 -1 -2 -1 -2 -2 -2 -2 -2 -2 4 -2 -2 -2 -2 -2 -2 -2 -2 -2 -2 -2 -2 -2 -2 -2 -2 -2 -2 -3 -2 -2 -2 -2 -2 -2 -2 -2 -2 -2 -2 -1 -2 -3 -2 -3 -2 -2 -2 -2 -2 -2 -2 -2 -3 -2 -2 -2 -2 -2 -2 -2 -3 -2 -2 -3 -2 -2 -2 -2 -2 -2 -3 -2 -2 -2 -2 -2 -2 -2 -2 5 -2 -3 5 9 7 7 7 7 -2 7 -2 -1 7 -2 -2 -2 -2 -2 -2 -2 -2 -2 -2 -2 -2 -2 -2 -2 -2 -2 -2 -2 6 -2 -2 -2 10 -2 -2 -2 -2 -2 -2 -2 -2 -2 -2 -2 -2 -2 -2 -2 -2 -2 -2 -2 -2 3 -2 -2 -2 -2 -2 -2 -2 -2 -2 -2 -2 -2 -2 -2 2 -3 -1 -2 -2 -2 -2 -1 -2 -2 -2 -2 -2 -1 -1 -2 -3 -2 9 -2 -2 -2 -1 -1 -2 -2 -2 -2 -2 -2 -2 -2 -2 -3 -2 7 -1 -2 -2 -2 5 -2 -2 -2 -1 -2 -2 -2 
-1 -1 -1 -1 -1 -2 0 -2 -1 -9 -1 -2 -2 -2 -2 -2 -2 -2 -1 -1 -2 -2 -2 -2 -1 -2 -2 -2 -2 -2 -2 -1 -2 -2 -2 -2 -1 -1 -2 -2 -2 -1 -2 -1 -2 -1 -2 -2 -2 -2 -2 -2 -1 -2 -2 -2 -2 -2 -2 -2 -2 -2 -2 -2 -2 -2 -2 -2 -2 -2 -2 -2 -2 -2 -2 -2 -2 -2 -2 -2 -2 -2 -2 -1 -2 -2 -2 -2 -2 -2 -2 -2 -2 -2 -2 -2 -2 -2 -2 -2 -2 -2 -2 -2 -2 -2 -2 -2 -2 -2 -2 -2 -2 -2 -2 -2 -2 -2 -2 -2 -2 -2 -2 -1 -2 -2 -1 -1 -1 -1 0 -1 -2 -1 -2 -1 -1 -2 -2 -2 -2 -2 -2 -2 -2 -2 -2 -2 -2 -2 -2 -2 -2 -2 -2 -2 -1 -2 -2 -2 0 -2 -2 -2 -2 -2 -2 -2 -2 -2 -2 -2 -2 -2 -2 -2 -2 -2 -2 -2 -2 -1 -2 -2 -2 -2 -2 -2 -2 -2 -2 -2 -2 -2 -2 -2 -1 -2 -1 -2 -2 -2 -2 -1 -2 -2 -2 -2 -2 -1 -1 -2 -2 -2 -1 -2 -2 -2 -1 -1 -2 -2 -2 -2 -2 -2 -2 -2 -2 -2 -2 -1 -1 -2 -2 -2 -1 -2 -2 -2 -1 -2 -2 -2 
-1 -1 -1 -1 -1 -2 -2 0 -1 -2 -1 -2 -2 -2 -2 -2 -2 -2 -1 -1 -2 -2 -2 -2 -1 -2 -2 -2 -2 -2 -2 -1 -2 -2 -2 -2 -1 -1 -2 -2 -2 -1 -2 -1 -2 -1 -2 -2 -2 -2 -2 -2 -1 -2 -2 -2 -2 -2 -2 -2 -2 -2 -2 -2 -2 -2 -2 -2 -3 -2 -2 -2 -2 -2 -2 -2 -2 -3 -3 -2 -2 -2 -2 -1 -2 -2 -3 -2 -2 -2 -3 -2 -2 -2 -2 -2 -2 -2 -2 -2 -2 -3 -2 -2 -2 -2 -2 -2 -2 -2 -2 -2 -2 -2 -2 -2 -2 -2 -2 -2 -2 -2 -2 -1 -3 -2 -1 -1 -1 -1 0 -1 -2 -1 -2 -1 -1 -2 -2 -2 -2 -2 -3 -2 -2 -2 -2 -2 -2 -2 -2 -2 -2 -2 -2 -2 -1 -2 -2 -2 0 -2 -2 -2 -2 -2 -2 -2 -2 -2 -2 -2 -2 -2 -2 -2 -2 -2 -2 -2 -2 -1 -2 -2 -2 -2 -2 -2 -2 -2 -2 -2 -2 -2 -2 -2 -1 -2 -1 -2 -2 -2 -2 -1 -2 -2 -2 -2 -2 -1 -1 -2 -2 -2 -1 -2 -2 -2 -1 -1 -2 -2 -2 -2 -2 -2 -2 -2 -2 -2 -2 -1 -1 -2 -2 -2 -1 -2 -2 -2 -1 -2 -2 -2 
37 64 19 -25 40 -1 -1 -1 0 -1 21 76 70 74 75 79 88 74 7 -25 67 74 79 70 11 82 80 200 80 210 103 69 377 73 71 77 61 407 71 82 235 2851 72 64 91 62 -1 73 73 61 -1 115 39 122 74 79 -1 -1 77 71 71 -1 86 79 212 134 68 -1 71 72 76 67 77 84 -1 67 207 71 361 81 -1 76 68 83 73 -1 66 -1 77 73 68 -1 73 77 71 79 98 -1 -1 77 77 135 71 80 200 68 65 187 151 79 127 67 74 130 95 99 84 76 80 65 64 65 62 15 74 95 55 107 72 92 30 79 82 79 91 4 22 67 99 65 72 83 87 72 97 73 79 79 90 77 76 77 75 82 76 69 100 72 77 77 36 78 81 73 78 73 -1 69 76 62 76 85 83 77 -1 63 78 73 72 69 81 54 83 73 81 75 85 71 62 76 75 72 81 77 77 79 84 -1 63 73 126 64 73 31 83 81 73 84 -1 38 36 77 168 72 11 92 198 59 70 24 72 75 200 73 66 66 91 70 190 68 77 72 71 71 73 186 136 184 78 78 83 211 73 75 
-1 -1 -1 -1 -1 -2 -9 -2 -1 0 -1 -2 -2 -2 -2 -2 -2 -2 -1 -1 -2 -2 -2 -2 -1 -2 -2 -2 -2 -2 -2 -1 -2 -2 -2 -2 -1 -1 -2 -2 -2 -1 -2 -1 -2 -1 -2 -2 -2 -2 -2 -2 -1 -2 -2 -2 -2 -2 -2 -2 -2 -2 -2 -2 -2 -2 -2 -2 -2 -2 -2 -2 -2 -2 -2 -2 -2 -2 -2 -2 -2 -2 -2 -1 -2 -2 -2 -2 -2 -2 -2 -2 -2 -2 -2 -2 -2 -2 -2 -2 -2 -2 -2 -2 -2 -2 -2 -2 -2 -2 -2 -2 -2 -2 -2 -2 -2 -2 -2 -2 -2 -2 -2 -1 -2 -2 -1 -1 -1 -1 0 -1 -2 -1 -2 -1 -1 -2 -2 -2 -2 -2 -2 -2 -2 -2 -2 -2 -2 -2 -2 -2 -2 -2 -2 -2 -1 -2 -2 -2 0 -2 -2 -2 -2 -2 -2 -2 -2 -2 -2 -2 -2 -2 -2 -2 -2 -2 -2 -2 -2 -1 -2 -2 -2 -2 -2 -2 -2 -2 -2 -2 -2 -2 -2 -2 -1 -2 -1 -2 -2 -2 -2 -1 -2 -2 -2 -2 -2 -1 -1 -2 -2 -2 -1 -2 -2 -2 -1 -1 -2 -2 -2 -2 -2 -2 -2 -2 -2 -2 -2 -1 -1 -2 -2 -2 -1 -2 -2 -2 -1 -2 -2 -2 
-1 29 -1 21 0 5 -1 -1 21 -1 0 21 21 21 21 21 21 21 -1 21 21 21 21 21 -1 21 21 65 21 64 21 21 131 21 21 21 21 131 21 21 65 681 21 21 21 21 -1 21 21 21 -1 21 -1 43 21 21 -1 -1 21 21 21 -1 21 21 65 43 21 -1 21 21 21 21 20 21 -1 21 65 21 109 21 -1 21 21 21 21 -1 21 -1 21 21 21 -1 20 21 21 21 21 -1 -1 21 21 43 21 21 65 21 21 65 43 21 43 21 21 43 21 20 21 19 20 21 21 21 21 -1 21 21 -1 21 21 21 -1 21 21 -1 21 -1 -1 21 21 21 21 21 21 21 23 21 21 21 21 21 21 21 21 21 21 21 21 21 21 21 -1 21 20 21 21 21 -1 21 20 21 20 21 21 21 -1 21 20 21 21 21 20 -1 19 21 21 21 21 21 21 21 21 21 21 21 21 21 21 -1 21 21 43 21 21 5 19 21 21 21 -1 0 -1 21 43 21 -1 24 65 21 21 5 21 21 65 21 21 21 21 21 65 21 21 21 21 21 21 65 43 65 21 21 22 64 21 21 
37 109 19 77 40 -2 -2 -2 76 -2 21 0 -2 -2 -13 -2 -2 -2 8 77 -13 -2 -2 -13 11 -13 -2 43 -2 47 -2 29 -2 -2 -2 -2 21 160 -2 -2 -2 24 -2 24 -2 22 -2 -2 -2 -13 -2 -13 39 -2 -2 -2 -2 -2 -2 -2 -2 -2 -2 -2 -2 -2 -13 -2 -2 -2 -2 -2 -2 -2 -2 -2 44 -2 -2 -13 -2 -2 -2 43 -2 -2 -2 -2 -2 -2 -2 -2 -2 -2 -2 -2 -2 -2 -2 -2 -2 -2 -2 -2 -2 -13 -13 -2 -2 -2 -2 -2 -2 5 -2 -2 -2 -2 -2 -13 -2 -13 -13 15 -2 -2 55 67 32 52 28 39 -2 79 -2 46 22 -13 -13 -13 -15 -2 -2 -13 -12 -2 -2 -2 -2 -2 6 -2 -2 -2 -2 -2 47 -13 -2 -2 35 -2 -2 -2 -2 -2 -2 -13 -2 -2 -2 -2 -2 -2 -2 -13 -2 -2 -2 -13 -2 12 -2 -2 -2 -2 -2 -13 -13 -2 -2 -14 -2 -2 -2 -2 44 -2 23 -2 -2 -13 -2 41 -2 -2 -2 -2 -2 38 36 -2 -2 -13 42 -2 -2 -2 30 34 -2 -2 43 -2 -2 -13 -2 -2 23 -2 -13 32 31 -2 -2 -2 56 -2 -2 -2 43 48 -2 -2 
37 69 19 71 40 -2 -2 -2 70 -2 21 -2 0 -7 -2 -7 -7 -7 8 71 -2 -7 -7 -2 11 -2 -7 -2 -7 -2 -2 23 -2 -2 -7 -7 15 124 -7 -7 -2 18 -7 18 -7 16 13 -7 -2 -2 -2 -2 39 -2 -7 -7 -2 -3 -7 -7 -7 -2 -2 -2 -2 -2 -2 -3 -2 -7 -7 -2 -7 -7 16 -7 -2 -2 -2 -2 14 -7 -2 37 -7 -2 -2 -2 -7 -7 -2 -2 -7 -7 -7 -7 -2 -2 -2 -7 -7 -2 -7 -2 -2 -2 -2 -2 -2 -2 -2 -7 -7 -2 -2 -2 -7 -7 -7 -2 -2 -2 -2 15 -2 -2 55 61 26 46 30 33 -2 79 -2 46 22 -2 -2 -2 -2 -2 -2 -2 -2 -7 -7 -7 -8 -7 -2 -7 -7 -7 -7 -7 42 -2 -7 -7 36 -7 -7 -7 -7 -7 -2 -2 -7 -2 -7 -7 -7 -7 -2 -2 -7 -7 -9 -2 -7 12 -7 -7 -7 -7 -2 -2 -2 -7 -7 -2 -7 -7 -7 -7 38 -2 17 -7 -3 -2 -7 33 -7 -8 -7 -7 -2 38 36 -2 -2 -2 40 -5 -2 -2 24 26 -7 -7 -2 -7 -2 -2 -2 -2 -2 -2 -2 26 25 -7 -7 -2 44 -2 -2 -7 37 -2 -7 -7 
37 44 19 75 39 -2 -2 -2 74 -2 21 -2 -7 0 -2 -7 -7 -11 8 75 -2 -7 -11 -2 11 -2 -11 -2 -11 -2 -2 27 -2 -2 -7 -11 19 148 -7 -11 -2 22 -11 22 -7 20 13 -7 -2 -2 -2 -2 39 -2 -7 -7 -2 -3 -7 -7 -8 -2 -2 -2 -2 -2 -2 -3 -2 -11 -7 -2 -7 -11 16 -8 -2 -2 -2 -2 14 -7 -2 41 -7 -2 -2 -2 -7 -11 -2 -2 -7 -7 -11 -14 -2 -2 -2 -7 -11 -2 -7 -2 -2 -2 -2 -2 -2 -2 -2 -7 -11 -2 -2 -2 -7 -7 -7 -2 -2 -2 -2 15 -2 -2 55 65 30 50 30 37 -2 79 -2 46 22 -2 -2 -2 -2 -2 -2 -2 -2 -11 -7 -11 -7 -7 -2 -11 -11 -12 -7 -11 46 -2 -11 -7 36 -11 -7 -7 -7 -7 -2 -2 -7 -2 -7 -7 -11 -7 -2 -2 -7 -7 -7 -2 -7 12 -7 -7 -11 -7 -2 -2 -2 -7 -7 -2 -11 -11 -11 -7 42 -2 21 -7 -3 -2 -11 28 -7 -7 -7 -11 -2 40 36 -2 -2 -2 40 -10 -2 -2 28 21 -7 -11 -2 -7 -2 -2 -2 -2 -2 -2 -2 30 29 -11 -7 -2 52 -2 -2 -7 41 -2 -11 -11 
37 74 19 76 40 -2 -2 -2 75 -2 21 -13 -2 -2 0 -2 -2 -2 8 76 -13 -2 -2 -13 11 -13 -2 37 -2 41 -2 24 -2 -2 -2 -2 16 130 -2 -2 -2 21 -2 19 -2 17 -2 -2 -2 -13 -2 -13 39 -2 -2 -2 -2 -2 -2 -2 -2 -2 -2 -2 -2 -2 -13 -2 -2 -2 -2 -2 -2 -2 -2 -2 37 -2 -2 -13 -2 -2 -2 38 -2 -2 -2 -2 -2 -2 -2 -2 -2 -2 -2 -2 -2 -2 -2 -2 -2 -2 -2 -2 -2 -13 -13 -2 -2 -2 -2 -2 -2 0 -2 -2 -2 -2 -2 -13 -2 -13 -13 15 -2 -2 55 66 27 51 30 34 -2 79 -2 46 22 -15 -13 -13 -13 -2 -2 -13 -12 -2 -2 -2 -2 -2 6 -2 -2 -2 -2 -2 43 -13 -2 -2 36 -2 -2 -2 -2 -2 -2 -13 -2 -2 -2 -2 -2 -2 -2 -13 -2 -2 -2 -13 -2 12 -2 -2 -2 -2 -2 -13 -13 -2 -2 -13 -2 -2 -2 -2 39 -2 18 -2 -2 -13 -2 33 -2 -2 -2 -2 -2 38 36 -2 -2 -13 40 -2 -2 -2 25 26 -2 -2 37 -2 -2 -13 -2 -2 13 -2 -13 27 26 -2 -2 -2 46 -2 -2 -2 38 42 -2 -2 
37 54 19 80 40 -2 -2 -2 79 -2 21 -2 -7 -7 -2 0 -10 -7 7 80 -2 -7 -7 -2 11 -2 -7 -2 -7 -2 -2 34 -2 -2 -7 -7 26 190 -7 -7 -2 29 -7 29 -7 27 13 -8 -2 -2 -2 -2 39 -2 -7 -7 -2 -3 -7 -7 -7 -2 -2 -2 -2 -2 -2 -3 -2 -7 -7 -2 -7 -7 16 -7 -2 -2 -2 -2 14 -7 -2 48 -8 -2 -2 -2 -7 -7 -2 -2 -7 -7 -7 -7 -2 -2 -2 -7 -7 -2 -7 -2 -2 -2 -2 -2 -2 -2 -2 -7 -7 -2 -2 -2 -7 -7 -7 -2 -2 -2 -2 15 -2 -2 55 72 37 57 30 44 -2 79 -2 46 22 -2 -2 -2 -2 -2 -2 -2 -2 -7 -7 -7 -7 -7 -2 -7 -7 -7 -7 -7 53 -2 -7 -7 36 -7 -7 -7 -7 -7 -2 -2 -7 -2 -7 -7 -7 -7 -2 -2 -7 -7 -7 -2 -7 12 -7 -7 -7 -7 -2 -2 -2 -7 -7 -2 -7 -7 -7 -7 49 -2 28 -7 -3 -2 -7 30 -7 -7 -7 -7 -2 38 36 -2 -2 -2 40 -5 -2 -2 35 23 -7 -7 -2 -7 -2 -2 -2 -2 -2 -2 -2 37 36 -7 -10 -2 66 -2 -2 -8 48 -2 -7 -7 
37 59 19 89 40 -2 -2 -2 88 -2 21 -2 -7 -7 -2 -10 0 -7 7 89 -2 -7 -7 -2 11 -2 -7 -2 -7 -2 -2 43 -2 -2 -7 -7 35 244 -7 -7 -2 38 -7 38 -7 36 13 -8 -2 -2 -2 -2 39 -2 -7 -7 -2 -3 -7 -7 -7 -2 -2 -2 -2 -2 -2 -3 -2 -7 -7 -2 -7 -7 16 -7 -2 -2 -2 -2 14 -7 -2 57 -8 -2 -2 -2 -7 -7 -2 -2 -7 -7 -7 -7 -2 -2 -2 -7 -7 -2 -7 -2 -2 -2 -2 -2 -2 -2 -2 -7 -7 -2 -2 -2 -7 -7 -7 -2 -2 -2 -2 15 -2 -2 55 81 46 66 30 53 -2 79 -2 46 22 -2 -2 -2 -2 -2 -2 -2 -2 -7 -7 -7 -7 -7 -2 -7 -7 -7 -7 -7 62 -2 -7 -7 36 -7 -7 -7 -7 -7 -2 -2 -7 -2 -7 -7 -7 -7 -2 -2 -7 -7 -7 -2 -7 12 -7 -7 -7 -7 -2 -2 -2 -7 -7 -2 -7 -7 -7 -7 58 -2 37 -7 -3 -2 -7 31 -7 -7 -7 -7 -2 38 36 -2 -2 -2 40 -5 -2 -2 44 24 -7 -7 -2 -7 -2 -2 -2 -2 -2 -2 -2 46 45 -7 -14 -2 84 -2 -2 -8 57 -2 -7 -7 
37 44 19 75 39 -2 -2 -2 74 -2 21 -2 -7 -11 -2 -7 -7 0 8 75 -2 -7 -11 -2 11 -2 -11 -2 -11 -2 -2 27 -2 -2 -7 -11 19 148 -7 -11 -2 22 -11 22 -7 20 13 -7 -2 -2 -2 -2 39 -2 -7 -7 -2 -3 -7 -7 -8 -2 -2 -2 -2 -2 -2 -3 -2 -11 -7 -2 -7 -11 16 -8 -2 -2 -2 -2 14 -7 -2 41 -7 -2 -2 -2 -7 -11 -2 -2 -7 -7 -11 -11 -2 -2 -2 -7 -11 -2 -7 -2 -2 -2 -2 -2 -2 -2 -2 -7 -11 -2 -2 -2 -7 -7 -7 -2 -2 -2 -2 15 -2 -2 55 65 30 50 30 37 -2 79 -2 46 22 -2 -2 -2 -2 -2 -2 -2 -2 -11 -7 -11 -7 -7 -2 -11 -11 -11 -7 -11 46 -2 -11 -7 36 -11 -7 -7 -7 -7 -2 -2 -7 -2 -7 -7 -11 -7 -2 -2 -7 -7 -7 -2 -7 12 -7 -7 -11 -7 -2 -2 -2 -7 -7 -2 -11 -11 -11 -7 42 -2 21 -7 -3 -2 -11 28 -7 -7 -7 -11 -2 40 36 -2 -2 -2 40 -10 -2 -2 28 21 -7 -11 -2 -7 -2 -2 -2 -2 -2 -2 -2 30 29 -11 -7 -2 52 -2 -2 -7 41 -2 -11 -11 
-2 9 -2 7 -2 1 -1 -1 7 -1 -1 8 8 8 8 7 7 8 0 7 8 9 8 8 -2 8 8 26 8 26 8 7 53 8 8 8 7 53 8 8 26 278 8 7 8 7 -1 7 8 8 -1 8 -1 17 8 8 -1 -1 8 8 8 -1 8 8 26 17 8 -1 8 8 8 8 8 8 -1 8 26 8 44 8 -1 8 8 8 7 -1 8 -1 8 8 8 -1 8 9 8 8 8 -1 -1 8 8 17 8 9 26 8 8 26 17 8 17 8 8 17 8 8 8 8 8 8 8 8 8 -1 8 8 -1 8 8 8 -1 8 8 -1 8 -1 -1 8 8 8 8 8 8 8 12 8 8 8 8 8 8 8 8 8 8 8 8 8 8 8 -1 8 8 8 8 8 -1 8 8 8 8 8 8 8 -1 8 8 8 8 8 8 -1 8 8 8 8 8 8 8 8 8 8 8 8 8 8 8 -1 7 8 17 8 8 1 8 8 8 8 -1 -2 -3 8 17 8 -1 14 26 8 6 3 8 8 26 8 8 8 8 8 26 8 8 8 7 8 7 26 17 26 8 7 7 26 8 8 
37 64 19 -25 40 -1 -1 -1 -25 -1 21 77 71 75 76 80 89 75 7 0 68 75 80 71 11 83 81 203 81 213 104 70 383 74 72 78 62 413 72 83 238 2882 73 65 92 63 -1 74 74 62 -1 116 39 124 75 80 -1 -1 78 72 72 -1 87 80 215 136 69 -1 72 73 77 68 78 85 -1 68 210 72 366 82 -1 77 69 84 74 -1 67 -1 78 74 69 -1 74 78 72 80 99 -1 -1 78 78 137 72 81 203 69 66 190 153 80 129 68 75 132 96 100 85 77 81 66 65 66 63 15 75 96 55 108 73 93 30 80 83 79 92 4 22 68 100 66 73 84 88 73 98 74 80 80 91 78 77 78 76 83 77 70 101 73 78 78 36 79 82 74 79 74 -1 70 77 63 77 86 84 78 -1 64 79 74 73 70 82 54 84 74 82 76 86 72 63 77 76 73 82 78 78 80 85 -1 64 74 128 65 74 31 84 82 74 85 -1 38 36 78 170 73 11 93 201 60 71 24 73 76 203 74 67 67 92 71 193 69 78 73 72 72 74 189 138 187 79 79 84 214 74 76 
37 74 19 68 40 -2 -2 -2 67 -2 21 -13 -2 -2 -13 -2 -2 -2 8 68 0 -2 -2 -13 11 -13 -2 25 -2 29 -2 20 -2 -2 -2 -2 12 106 -2 -2 -2 15 -2 15 -2 13 -2 -2 -2 -13 -2 -13 39 -2 -2 -2 -2 -2 -2 -2 -2 -2 -2 -2 -2 -2 -13 -2 -2 -2 -2 -2 -2 -2 -2 -2 26 -2 -2 -13 -2 -2 -2 35 -2 -2 -2 -2 -2 -2 -2 -2 -2 -2 -2 -2 -2 -2 -2 -2 -2 -2 -2 -2 -2 -13 -13 -2 -2 -2 -2 -2 -2 -4 -2 -2 -2 -2 -2 -13 -2 -13 -13 15 -2 -2 55 58 23 45 30 30 -2 79 -2 46 22 -13 -13 -13 -13 -2 -2 -13 -12 -2 -2 -2 -2 -2 6 -2 -2 -2 -2 -2 39 -13 -2 -2 36 -2 -2 -2 -2 -2 -2 -13 -2 -2 -2 -2 -2 -2 -2 -13 -2 -2 -2 -13 -2 12 -2 -2 -2 -2 -2 -13 -13 -2 -2 -13 -2 -2 -2 -2 35 -2 14 -2 -2 -13 -2 33 -2 -2 -2 -2 -2 39 36 -2 -2 -13 40 -2 -2 -2 21 26 -2 -2 25 -2 -2 -13 -2 -2 5 -2 -13 23 22 -2 -2 -2 38 -2 -2 -2 34 30 -2 -2 
37 44 19 75 40 -2 -2 -2 74 -2 21 -2 -7 -7 -2 -7 -7 -7 9 75 -2 0 -7 -2 11 -2 -7 -2 -7 -2 -2 27 -2 -2 -7 -7 19 148 -7 -7 -2 22 -7 22 -7 20 13 -7 -2 -2 -2 -2 39 -2 -7 -7 -2 -3 -7 -7 -7 -2 -2 -2 -2 -2 -2 -3 -2 -7 -7 -2 -7 -7 16 -7 -2 -2 -2 -2 14 -7 -2 41 -7 -2 -2 -2 -7 -7 -2 -2 -7 -8 -7 -7 -2 -2 -2 -7 -7 -2 -7 -2 -2 -2 -2 -2 -2 -2 -2 -7 -7 -2 -2 -2 -7 -7 -7 -2 -2 -2 -2 15 -2 -2 55 65 30 50 30 37 -2 79 -2 46 22 -2 -2 -2 -2 -2 -2 -2 -2 -7 -7 -7 -7 -7 -2 -7 -7 -7 -7 -7 46 -2 -7 -7 36 -7 -7 -7 -7 -7 -2 -2 -7 -2 -7 -7 -7 -7 -2 -2 -7 -7 -7 -2 -7 12 -7 -7 -7 -7 -2 -2 -2 -7 -7 -2 -7 -7 -7 -7 42 -2 21 -7 -3 -2 -7 28 -7 -7 -7 -7 -2 38 36 -2 -2 -2 40 -4 -2 -2 28 21 -7 -7 -2 -7 -2 -2 -2 -2 -2 -2 -2 30 29 -7 -7 -2 52 -2 -2 -7 41 -2 -7 -7 
37 44 19 80 39 -2 -2 -2 79 -2 21 -2 -7 -11 -2 -7 -7 -11 8 80 -2 -7 0 -2 11 -2 -11 -2 -11 -2 -2 32 -2 -2 -7 -11 24 178 -7 -11 -2 27 -11 27 -7 25 13 -7 -2 -2 -2 -2 39 -2 -7 -7 -2 -3 -7 -7 -8 -2 -2 -2 -2 -2 -2 -3 -2 -11 -7 -2 -7 -11 16 -8 -2 -2 -2 -2 14 -7 -2 46 -7 -2 -2 -2 -7 -11 -2 -2 -7 -7 -11 -11 -2 -2 -2 -7 -11 -2 -7 -2 -2 -2 -2 -2 -2 -2 -2 -7 -11 -2 -2 -2 -7 -7 -7 -2 -2 -2 -2 15 -2 -2 55 70 35 55 30 42 -2 79 -2 46 22 -2 -2 -2 -2 -2 -2 -2 -2 -11 -7 -11 -7 -7 -2 -11 -11 -11 -7 -11 51 -2 -11 -7 36 -11 -7 -7 -7 -7 -2 -2 -7 -2 -7 -7 -11 -7 -2 -2 -7 -7 -7 -2 -7 12 -7 -7 -11 -7 -2 -2 -2 -7 -7 -2 -11 -11 -11 -7 47 -2 26 -7 -3 -2 -11 28 -7 -7 -7 -11 -2 40 36 -2 -2 -2 40 -10 -2 -2 33 21 -7 -11 -2 -7 -2 -2 -2 -2 -2 -2 -2 35 34 -11 -7 -2 62 -2 -2 -7 46 -2 -11 -11 
37 89 19 71 40 -2 -2 -2 70 -2 21 -13 -2 -2 -13 -2 -2 -2 8 71 -13 -2 -2 0 11 -13 -2 31 -2 35 -2 23 -2 -2 -2 -2 15 124 -2 -2 -2 18 -2 18 -2 16 -2 -2 -2 -13 -2 -13 39 -2 -2 -2 -2 -2 -2 -2 -2 -2 -2 -2 -2 -2 -13 -2 -2 -2 -2 -2 -2 -2 -2 -2 32 -2 -2 -13 -2 -2 -2 37 -2 -2 -2 -2 -2 -2 -2 -2 -2 -2 -2 -2 -2 -2 -2 -2 -2 -2 -2 -2 -2 -13 -13 -2 -2 -2 -2 -2 -2 -1 -2 -2 -2 -2 -2 -13 -2 -13 -13 15 -2 -2 55 61 26 46 30 33 -2 79 -2 46 22 -13 -13 -13 -13 -2 -2 -13 -12 -2 -2 -2 -2 -2 6 -2 -2 -2 -2 -2 42 -13 -2 -2 36 -2 -2 -2 -2 -2 -2 -13 -2 -2 -2 -2 -2 -2 -2 -13 -2 -2 -2 -13 -2 12 -2 -2 -2 -2 -2 -13 -13 -2 -2 -13 -2 -2 -2 -2 38 -2 17 -2 -2 -13 -2 36 -2 -2 -2 -2 -2 38 36 -2 -2 -13 40 -2 -2 -2 24 29 -2 -2 31 -2 -2 -13 -2 -2 11 -2 -13 26 25 -2 -2 -2 44 -2 -2 -2 37 36 -2 -2 
-2 -1 -2 11 -2 -1 -1 -1 11 -1 -1 11 11 11 11 11 11 11 -2 11 11 11 11 11 0 11 11 35 11 35 11 10 71 11 11 11 10 71 11 11 35 371 11 10 11 10 -1 11 11 11 -1 11 -1 23 11 11 -1 -1 11 11 11 -1 11 11 35 23 11 -1 11 11 11 11 11 11 -1 11 35 11 59 11 -1 11 11 11 11 -1 11 -1 11 11 11 -1 11 11 11 11 11 -1 -1 11 11 23 11 11 35 11 11 35 23 11 23 11 11 23 11 11 11 11 11 11 11 11 11 -1 11 11 -1 11 11 11 -1 11 11 -1 11 -1 -1 11 11 11 11 11 11 11 13 11 11 11 11 11 11 11 11 11 11 11 11 11 11 11 -1 11 11 11 11 11 -1 11 11 11 11 11 11 11 -1 11 11 11 11 11 11 -1 11 11 11 11 11 11 11 11 11 11 11 11 11 11 11 -1 10 11 23 11 11 6 11 11 11 11 -1 -2 -2 11 23 11 -1 14 35 11 10 6 11 11 35 11 11 11 11 11 35 11 11 11 10 11 11 35 23 35 11 11 10 35 11 11 
37 108 19 83 40 -2 -2 -2 82 -2 21 -13 -2 -2 -13 -2 -2 -2 8 83 -13 -2 -2 -13 11 0 -2 55 -2 59 -2 35 -2 -2 -2 -2 27 196 -2 -2 -2 30 -2 30 -2 28 -2 -2 -2 -13 -2 -13 39 -2 -2 -2 -2 -2 -2 -2 -2 -2 -2 -2 -2 -2 -13 -2 -2 -2 -2 -2 -2 -2 -2 -2 56 -2 -2 -13 -2 -2 -2 49 -2 -2 -2 -2 -2 -2 -2 -2 -2 -2 -2 -2 -2 -2 -2 -2 -2 -2 -2 -2 -2 -13 -13 -2 -2 -2 -2 -2 -2 11 -2 -2 -2 -2 -2 -13 -2 -13 -13 14 -2 -2 55 73 38 58 30 45 -2 79 -2 46 22 -13 -13 -13 -13 -2 -2 -13 -12 -2 -2 -2 -2 -2 6 -2 -2 -2 -2 -2 54 -13 -2 -2 36 -2 -2 -2 -2 -2 -2 -13 -2 -2 -2 -2 -2 -2 -2 -13 -2 -2 -2 -13 -2 12 -2 -2 -2 -2 -2 -13 -13 -2 -2 -13 -2 -2 -2 -2 50 -2 29 -2 -2 -13 -2 27 -2 -2 -2 -2 -2 38 36 -2 -2 -13 40 -2 -2 -2 36 20 -2 -2 55 -2 -2 -13 -2 -2 35 -2 -13 38 37 -2 -2 -2 68 -2 -2 -2 49 60 -2 -2 
37 44 19 81 39 -2 -2 -2 80 -2 21 -2 -7 -11 -2 -7 -7 -11 8 81 -2 -7 -11 -2 11 -2 0 -2 -11 -2 -2 33 -2 -2 -7 -11 25 184 -7 -11 -2 28 -11 28 -7 26 13 -7 -2 -2 -2 -2 39 -2 -7 -7 -2 -3 -7 -7 -8 -2 -2 -2 -2 -2 -2 -3 -2 -11 -7 -2 -7 -11 16 -8 -2 -2 -2 -2 14 -7 -2 47 -7 -2 -2 -2 -7 -11 -2 -2 -7 -7 -11 -11 -2 -2 -2 -7 -11 -2 -7 -2 -2 -2 -2 -2 -2 -2 -2 -7 -11 -2 -2 -2 -7 -7 -7 -2 -2 -2 -2 15 -2 -2 55 71 36 56 30 43 -2 79 -2 46 22 -2 -2 -2 -2 -2 -2 -2 -2 -11 -7 -11 -7 -7 -2 -11 -11 -11 -7 -11 52 -2 -11 -7 36 -11 -7 -7 -7 -7 -2 -2 -7 -2 -7 -7 -11 -7 -2 -2 -7 -7 -7 -2 -7 12 -7 -7 -11 -7 -2 -2 -2 -7 -7 -2 -11 -12 -12 -7 48 -2 27 -7 -3 -2 -11 28 -7 -7 -7 -11 -2 40 36 -2 -2 -2 40 -10 -2 -2 34 21 -7 -11 -2 -7 -2 -2 -2 -2 -2 -2 -2 36 35 -12 -7 -2 64 -2 -2 -7 47 -2 -11 -11 
113 188 59 203 122 -2 -2 -2 200 -2 65 43 -2 -2 37 -2 -2 -2 26 203 25 -2 -2 31 35 55 -2 0 -2 145 -2 59 -2 -2 -2 -2 35 302 -2 -2 -2 1379 -2 44 -2 38 -2 -2 -2 13 -2 96 118 -2 -2 -2 -2 -2 -2 -2 -2 -2 -2 -2 -2 -2 26 -2 -2 -2 -2 -2 -2 -2 -2 -2 138 -2 -2 45 -2 -2 -2 101 -2 -2 -2 -2 -2 -2 -2 -2 -2 -2 -2 -2 -2 -2 -2 -2 -2 -2 -2 -2 -2 27 21 -2 -2 -2 -2 -2 -2 59 -2 -2 -2 -2 -2 21 -2 21 15 47 -2 -2 167 172 68 128 92 89 -2 239 -2 140 68 25 73 21 35 -2 -2 35 67 -2 -2 -2 -2 -2 42 -2 -2 -2 -2 -2 128 35 -2 -2 110 -2 -2 -2 -2 -2 -2 29 -2 -2 -2 -2 -2 -2 -2 17 -2 -2 -2 29 -2 80 -2 -2 -2 -2 -2 33 15 -2 -2 35 -2 -2 -2 -2 104 -2 41 -2 -2 19 -2 94 -2 -2 -2 -2 -2 116 111 -2 -2 35 122 -2 -2 -2 62 73 -2 -2 123 -2 -2 23 -2 -2 87 -2 40 68 65 -2 -2 -2 110 -2 -2 -2 101 150 -2 -2 
37 44 19 81 39 -2 -2 -2 80 -2 21 -2 -7 -11 -2 -7 -7 -11 8 81 -2 -7 -11 -2 11 -2 -11 -2 0 -2 -2 33 -2 -2 -7 -11 25 184 -7 -11 -2 28 -11 28 -7 26 13 -7 -2 -2 -2 -2 39 -2 -7 -7 -2 -3 -7 -7 -8 -2 -2 -2 -2 -2 -2 -3 -2 -11 -7 -2 -7 -11 16 -8 -2 -2 -2 -2 14 -7 -2 47 -7 -2 -2 -2 -7 -11 -2 -2 -7 -7 -11 -11 -2 -2 -2 -7 -11 -2 -7 -2 -2 -2 -2 -2 -2 -2 -2 -7 -11 -2 -2 -2 -7 -7 -7 -2 -2 -2 -2 15 -2 -2 55 71 36 56 30 43 -2 79 -2 46 22 -2 -2 -2 -2 -2 -2 -2 -2 -11 -7 -11 -7 -7 -2 -11 -11 -11 -7 -11 52 -2 -11 -7 36 -11 -7 -7 -7 -7 -2 -2 -7 -2 -7 -7 -11 -7 -2 -2 -7 -7 -7 -2 -7 12 -7 -7 -11 -7 -2 -2 -2 -7 -7 -2 -11 -11 -11 -7 48 -2 27 -7 -3 -2 -11 28 -7 -7 -7 -11 -2 40 36 -2 -2 -2 40 -10 -2 -2 34 21 -7 -11 -2 -7 -2 -2 -2 -2 -2 -2 -2 36 35 -11 -7 -2 64 -2 -2 -7 47 -2 -11 -11 
113 209 59 213 123 -2 -2 -2 210 -2 64 47 -2 -2 41 -2 -2 -2 26 213 29 -2 -2 35 35 59 -2 145 -2 0 -2 69 -2 -2 -2 -2 45 362 -2 -2 -2 1509 -2 54 -2 48 -2 -2 -2 17 -2 100 118 -2 -2 -2 -2 -2 -2 -2 -2 -2 -2 -2 -2 -2 30 -2 -2 -2 -2 -2 -2 -2 -2 -2 162 -2 -2 49 -2 -2 -2 111 -2 -2 -2 -2 -2 -2 -2 -2 -2 -2 -2 -2 -2 -2 -2 -2 -2 -2 -2 -2 -2 31 25 -2 -2 -2 -2 -2 -2 73 -2 -2 -2 -2 -2 25 -2 25 19 47 -2 -2 167 182 78 138 92 99 -2 239 -2 140 68 29 77 25 39 -2 -2 39 71 -2 -2 -2 -2 -2 42 -2 -2 -2 -2 -2 138 39 -2 -2 110 -2 -2 -2 -2 -2 -2 33 -2 -2 -2 -2 -2 -2 -2 21 -2 -2 -2 33 -2 80 -2 -2 -2 -2 -2 37 19 -2 -2 39 -2 -2 -2 -2 114 -2 51 -2 -2 23 -2 99 -2 -2 -2 -2 -2 117 111 -2 -2 39 122 -2 -2 -2 72 78 -2 -2 147 -2 -2 27 -2 -2 111 -2 44 78 75 -2 -2 -2 130 -2 -2 -2 112 -31 -2 -2 
37 49 19 104 39 -2 -2 -2 103 -2 21 -2 -2 -2 -2 -2 -2 -2 8 104 -2 -2 -2 -2 11 -2 -2 -2 -2 -2 0 56 -2 -10 -2 -2 48 322 -2 -2 -2 51 -2 51 -2 49 -2 -2 -10 -2 -2 -2 39 -2 -2 -2 -2 -2 -2 -2 -2 -2 -10 -10 103 -2 -2 -2 -2 -2 -2 -2 -2 -2 -2 -2 -2 -2 -2 -2 -2 -2 -2 70 -2 -2 -2 -2 -2 -2 -2 -2 -2 -2 -2 -2 -2 -2 -2 -2 -2 -2 -2 -2 -2 -2 -2 -2 -2 -2 -2 -2 -2 -2 -2 -2 -2 -2 -2 -2 -2 -2 -2 15 -2 -2 55 94 59 79 30 66 -2 79 -2 46 22 -2 -2 -2 -2 -2 -2 -2 -2 -2 -2 -2 -2 -2 -2 -2 -2 -2 -2 -2 75 -2 -2 -2 36 -2 -2 -2 -2 -2 -2 -2 -2 -3 -2 -2 -2 -2 -2 -2 -2 -2 -2 -2 -2 12 -2 -2 -2 -2 -17 -2 -2 -2 -2 -2 -2 -2 -2 -2 71 -2 50 -2 -2 -2 -2 28 -2 -2 -2 -2 -2 38 36 -2 -2 -2 40 -2 -2 -2 57 21 -2 -2 -2 -2 -2 -2 -10 -2 -2 -2 -2 59 58 -2 -2 -2 110 -2 -2 -2 70 -2 -2 -2 
36 29 18 70 39 -1 -1 -1 69 -1 21 29 23 27 24 34 43 27 7 70 20 27 32 23 10 35 33 59 33 69 56 0 95 26 25 30 13 118 24 35 75 467 25 -7 44 12 -1 27 26 14 -1 43 39 28 27 32 -1 -1 30 24 24 -1 39 32 71 40 21 -1 24 25 27 20 30 37 -1 20 66 26 121 26 -1 27 21 36 27 -1 19 -1 28 26 21 -1 26 30 24 32 34 -1 -1 30 30 41 24 24 59 21 18 46 57 32 33 20 27 36 48 52 37 29 33 18 17 18 15 15 27 33 55 60 25 45 30 32 27 79 31 46 22 20 36 18 25 27 29 25 36 26 32 32 43 28 29 30 28 35 29 22 41 25 30 30 36 31 34 26 31 26 -1 22 29 15 29 36 36 30 -1 16 31 28 25 22 34 12 36 26 34 28 38 24 15 29 28 25 34 30 30 32 37 -1 15 26 32 17 26 24 36 34 26 37 -1 37 35 22 52 25 41 33 57 13 22 17 23 28 59 26 19 19 42 23 49 21 25 25 23 24 28 45 42 43 15 32 35 70 26 28 
227 279 119 383 245 -2 -2 -2 377 -2 131 -2 -2 -2 -2 -2 -2 -2 53 383 -2 -2 -2 -2 71 -2 -2 -2 -2 -2 -2 95 0 -2 -2 -2 47 461 -2 -2 -2 65 -2 65 -2 53 -2 -2 -2 -2 -2 -2 238 -2 -2 -2 -2 -2 -2 -2 -2 -2 -2 -2 -2 -2 -2 -2 -2 -2 -2 -2 -2 -2 -2 -2 -2 -2 -2 -2 -2 -2 -2 179 -2 -2 -2 -2 -2 -2 -2 -2 -2 -2 -2 -2 -2 -2 -2 -2 -2 -2 -2 -2 -2 -2 -2 -2 -2 -2 -2 -2 -2 -2 -2 -2 -2 -2 -2 -2 -2 -2 -2 94 -2 -2 335 323 113 233 185 155 -2 479 -2 281 137 -2 -2 -2 -2 -2 -2 -2 -2 -2 -2 -2 -2 -2 -2 -2 -2 -2 -2 -2 208 -2 -2 -2 221 -2 -2 -2 -2 -2 -2 -2 -2 -2 -2 -2 -2 -2 11 -2 -2 -2 -2 -2 -2 77 -2 -2 -2 -2 -2 -2 -2 -2 -2 -2 -2 -2 -2 -2 185 -2 59 -2 -2 -2 -2 169 -2 -2 -2 -2 -2 233 221 -2 -2 -2 246 -2 -2 -2 101 127 -2 -2 -2 -2 -2 -2 -2 -2 -2 -2 -2 113 107 -2 -2 -2 169 -2 -2 -2 179 -2 -2 -2 
37 44 19 74 39 -2 -2 -2 73 -2 21 -2 -2 -2 -2 -2 -2 -2 8 74 -2 -2 -2 -2 11 -2 -2 -2 -2 -2 -10 26 -2 0 -2 -2 18 142 -2 -2 -2 21 -2 21 -2 19 -2 -2 -25 -2 -2 -2 39 -2 -2 -2 -2 -2 -2 -2 -2 -2 -10 -14 35 -2 -2 -2 -2 -2 -2 -2 -2 -2 -2 -2 -2 -2 -2 -2 -2 -2 -2 40 -2 -2 -2 -2 -2 -2 -2 -2 -2 -2 -2 -2 -2 -2 -2 -2 -2 -2 -2 -2 -2 -2 -2 -2 -2 -2 -2 -2 -2 -2 -2 -2 -2 -2 -2 -2 -2 -2 -2 15 -2 -2 55 64 29 49 30 36 -2 79 -2 46 22 -2 -2 -2 -2 -2 -2 -2 -2 -2 -2 -2 -2 -2 -2 -2 -2 -2 -2 -2 45 -2 -2 -2 36 -2 -2 -2 -2 -2 -2 -2 -2 -3 -2 -2 -2 -2 -2 -2 -2 -2 -2 -2 -2 12 -2 -2 -2 -2 -10 -2 -2 -2 -2 -2 -2 -2 -2 -2 41 -2 20 -2 -2 -2 -2 28 -2 -2 -2 -2 -2 40 36 -2 -2 -2 40 -2 -2 -2 27 21 -2 -2 -2 -2 -2 -2 -10 -2 -2 -2 -2 29 28 -2 -2 -2 50 -2 -2 -2 40 -2 -2 -2 
37 66 19 72 40 -2 -2 -2 71 -2 21 -2 -7 -7 -2 -7 -7 -7 8 72 -2 -7 -7 -2 11 -2 -7 -2 -7 -2 -2 25 -2 -2 0 -7 16 130 -7 -7 -2 19 -7 20 -7 17 13 -7 -2 -2 -2 -2 39 -2 -7 -7 -2 -3 -7 -7 -7 -2 -2 -2 -2 -2 -2 -3 -2 -7 -7 -2 -7 -7 16 -7 -2 -2 -2 -2 14 -7 -2 38 -7 -2 -2 -2 -7 -7 -2 -2 -7 -7 -7 -7 -2 -2 -2 -7 -7 -2 -7 -2 -2 -2 -2 -2 -2 -2 -2 -7 -7 -2 -2 -2 -7 -7 -7 -2 -2 -2 -2 15 -2 -2 55 62 27 47 30 34 -2 79 -2 46 22 -2 -2 -2 -2 -2 -2 -2 -2 -7 -7 -7 -7 -7 -2 -7 -7 -7 -7 -7 43 -2 -7 -7 36 -7 -7 -7 -7 -7 -2 -2 -7 -2 -7 -7 -7 -7 -2 -2 -7 -7 -7 -2 -7 12 -7 -7 -7 -7 -2 -2 -2 -7 -7 -2 -7 -7 -7 -7 39 -2 18 -7 -3 -2 -7 25 -7 -7 -7 -7 -2 38 36 -2 -2 -2 40 -5 -2 -2 25 18 -7 -7 -2 -7 -2 -2 -2 -2 -2 -2 -2 27 26 -7 -7 -2 46 -2 -2 -7 38 -2 -7 -7 
37 44 19 78 39 -2 -2 -2 77 -2 21 -2 -7 -11 -2 -7 -7 -11 8 78 -2 -7 -11 -2 11 -2 -11 -2 -11 -2 -2 30 -2 -2 -7 0 22 166 -7 -11 -2 25 -11 25 -7 23 13 -7 -2 -2 -2 -2 39 -2 -7 -7 -2 -3 -7 -7 -8 -2 -2 -2 -2 -2 -2 -3 -2 -11 -7 -2 -7 -11 16 -8 -2 -2 -2 -2 14 -7 -2 44 -7 -2 -2 -2 -7 -12 -2 -2 -7 -7 -11 -11 -2 -2 -2 -7 -11 -2 -7 -2 -2 -2 -2 -2 -2 -2 -2 -7 -11 -2 -2 -2 -7 -7 -7 -2 -2 -2 -2 15 -2 -2 55 68 33 53 30 40 -2 79 -2 46 22 -2 -2 -2 -2 -2 -2 -2 -2 -11 -7 -13 -7 -7 -2 -11 -11 -11 -7 -11 49 -2 -11 -7 36 -11 -7 -7 -7 -7 -2 -2 -7 -2 -7 -7 -11 -7 -2 -2 -7 -7 -7 -2 -7 12 -7 -7 -11 -7 -2 -2 -2 -7 -7 -2 -11 -11 -11 -7 45 -2 24 -7 -3 -2 -12 28 -7 -7 -7 -11 -2 40 36 -2 -2 -2 40 -10 -2 -2 31 21 -7 -11 -2 -7 -2 -2 -2 -2 -2 -2 -2 33 32 -11 -7 -2 58 -2 -2 -7 44 -2 -11 -11 
36 29 18 62 39 -1 -1 -1 61 -1 21 21 15 19 16 26 35 19 7 62 12 19 24 15 10 27 25 35 25 45 48 13 47 18 16 22 0 70 16 27 51 219 17 8 36 6 -1 19 18 6 -1 35 39 12 19 24 -1 -1 22 16 16 -1 31 24 47 24 13 -1 16 17 19 12 22 29 -1 12 42 18 81 18 -1 19 13 28 19 -1 11 -1 20 18 13 -1 18 22 16 24 26 -1 -1 22 22 25 16 16 35 13 10 22 41 24 17 12 19 20 40 44 29 21 25 10 9 10 7 15 19 25 55 52 17 37 30 24 19 79 23 46 22 12 28 10 17 19 21 17 27 18 24 24 35 20 21 22 20 27 21 14 33 17 22 22 36 23 26 18 23 18 -1 14 21 7 21 28 28 22 -1 8 23 18 17 14 26 12 28 18 26 20 30 16 7 21 20 17 26 22 22 24 29 -1 7 18 16 9 18 24 28 26 18 29 -1 37 35 14 36 17 40 25 33 4 14 17 15 20 35 18 11 11 34 15 25 13 17 17 15 16 20 21 26 19 7 24 27 46 18 20 
227 212 119 413 245 -1 -1 -1 407 -1 131 160 124 148 130 190 244 148 53 413 106 148 178 124 71 196 184 302 184 362 322 118 461 142 130 166 70 0 130 196 398 2218 136 88 250 76 -1 148 142 70 -1 244 239 135 148 178 -1 -1 166 130 130 -1 220 178 374 207 112 -1 130 136 148 106 166 208 -1 106 344 142 636 142 -1 148 112 202 148 -1 100 -1 154 142 112 -1 142 166 130 178 190 -1 -1 166 166 213 130 130 302 112 94 224 309 178 165 106 148 183 274 298 208 160 184 94 88 94 76 95 148 184 335 346 136 256 185 178 148 479 172 281 137 106 202 94 136 148 160 136 186 142 178 178 244 154 160 166 154 196 160 118 232 136 166 166 221 172 190 142 172 142 -1 118 160 76 160 202 202 166 -1 82 172 142 136 118 190 77 202 142 190 154 214 130 76 160 154 136 190 166 166 178 208 -1 82 142 159 88 142 149 202 190 142 208 -1 233 221 118 279 136 245 169 290 58 124 107 124 154 302 142 100 100 238 124 242 112 136 136 130 130 154 218 219 206 76 178 202 368 142 154 
37 68 19 72 40 -2 -2 -2 71 -2 21 -2 -7 -7 -2 -7 -7 -7 8 72 -2 -7 -7 -2 11 -2 -7 -2 -7 -2 -2 24 -2 -2 -7 -7 16 130 0 -7 -2 19 -7 19 -7 17 13 -7 -2 -2 -2 -2 39 -2 -7 -7 -2 -3 -8 -7 -7 -2 -2 -2 -2 -2 -2 -3 -2 -7 -7 -2 -7 -7 16 -7 -2 -2 -2 -2 14 -7 -2 38 -7 -2 -2 -2 -7 -7 -2 -2 -7 -7 -7 -7 -2 -2 -2 -8 -7 -2 -7 -2 -2 -2 -2 -2 -2 -2 -2 -7 -7 -2 -2 -2 -7 -7 -7 -2 -2 -2 -2 15 -2 -2 55 62 27 47 30 34 -2 79 -2 46 22 -2 -2 -2 -2 -2 -2 -2 -2 -7 -8 -7 -7 -7 -2 -7 -7 -7 -8 -7 43 -2 -7 -8 36 -7 -7 -7 -7 -7 -2 -2 -7 -2 -7 -7 -7 -7 -2 -2 -7 -7 -7 -2 -7 12 -7 -7 -7 -7 -2 -2 -2 -7 -7 -2 -7 -7 -7 -7 39 -2 18 -7 -3 -2 -7 34 -7 -7 -7 -7 -2 39 37 -2 -2 -2 39 -4 -2 -2 25 27 -7 -7 -2 -7 -2 -2 -2 -2 -2 -2 -2 27 26 -7 -7 -2 46 -2 -2 -7 39 -2 -7 -7 
37 44 19 83 39 -2 -2 -2 82 -2 21 -2 -7 -11 -2 -7 -7 -11 8 83 -2 -7 -11 -2 11 -2 -11 -2 -11 -2 -2 35 -2 -2 -7 -11 27 196 -7 0 -2 30 -11 30 -7 28 13 -7 -2 -2 -2 -2 39 -2 -7 -7 -2 -3 -7 -7 -8 -2 -2 -2 -2 -2 -2 -3 -2 -11 -7 -2 -7 -11 16 -8 -2 -2 -2 -2 14 -7 -2 49 -7 -2 -2 -2 -7 -11 -2 -2 -7 -7 -11 -11 -2 -2 -2 -7 -11 -2 -7 -2 -2 -2 -2 -2 -2 -2 -2 -7 -11 -2 -2 -2 -7 -7 -7 -2 -2 -2 -2 15 -2 -2 55 73 38 58 30 45 -2 79 -2 46 22 -2 -2 -2 -2 -2 -2 -2 -2 -11 -7 -11 -7 -7 -2 -11 -11 -11 -7 -11 54 -2 -11 -7 36 -11 -7 -7 -7 -7 -2 -2 -7 -2 -7 -7 -11 -7 -2 -2 -7 -7 -7 -2 -7 12 -7 -7 -11 -7 -2 -2 -2 -7 -7 -2 -11 -11 -11 -7 50 -2 29 -7 -3 -2 -11 28 -7 -7 -7 -11 -2 40 36 -2 -2 -2 40 -10 -2 -2 36 21 -7 -11 -2 -7 -2 -2 -2 -2 -2 -2 -2 38 37 -11 -7 -2 68 -2 -2 -7 49 -2 -11 -11 
113 194 59 238 122 -2 -2 -2 235 -2 65 -2 -2 -2 -2 -2 -2 -2 26 238 -2 -2 -2 -2 35 -2 -2 -2 -2 -2 -2 75 -2 -2 -2 -2 51 398 -2 -2 0 1916 -2 60 -2 54 -2 -2 -2 -2 -2 -2 119 -2 -2 -2 -2 -2 -2 -2 -2 -2 -2 -2 -2 -2 -2 -2 -2 -2 -2 -2 -2 -2 -2 -2 -2 -2 -2 -2 -2 -2 40 117 -2 -2 -2 -2 -2 -2 -2 -2 -2 -2 -2 -2 -2 -2 -2 -2 -2 -2 -2 55 -2 -2 -2 -2 -2 62 81 -2 -2 -2 -2 -2 -2 -2 -2 -2 32 -2 -2 47 -2 -2 167 208 84 163 92 105 60 239 73 140 68 -2 -2 -2 -2 61 -2 -2 -2 -2 -2 -2 -2 -2 -2 -2 -2 -2 -2 -2 107 -2 -2 -2 110 -2 -2 -2 -2 -2 -2 -2 -2 -2 -2 -2 -2 -2 -2 -2 -2 -2 -2 -2 -2 80 -2 -2 -2 -2 -2 -2 -2 -2 -2 -2 -2 -2 -2 -2 120 -2 57 -2 -2 -2 -2 95 -2 -2 -2 -2 -1 116 110 50 -2 -2 124 -2 148 -4 78 74 -2 -2 -2 -2 -4 -2 -2 43 -2 -2 -2 84 81 -2 -2 124 140 120 -2 -2 117 -2 -2 -2 
1177 1249 619 2882 1270 1 -1 -1 2851 -1 681 24 18 22 21 29 38 22 278 2882 15 22 27 18 371 30 28 1379 28 1509 51 467 65 21 19 25 219 2218 19 30 1916 0 20 312 39 250 -1 22 21 7 -1 44 1550 18 22 27 -1 -1 25 19 19 -1 34 27 1481 1953 16 -1 19 20 22 15 25 32 -1 15 1416 21 2796 23 -1 22 16 1025 22 -1 14 -1 23 21 16 -1 21 25 19 27 33 -1 -1 25 25 1366 19 21 44 16 13 31 47 27 23 15 22 26 43 47 32 24 28 13 12 13 10 557 22 32 2293 2511 560 1983 1146 777 24 3285 30 1705 899 15 35 13 20 24 26 20 35 21 27 27 38 23 1302 25 23 30 24 17 1180 20 25 25 1394 26 29 21 26 21 -1 17 24 10 24 31 31 25 -1 11 26 21 20 17 29 464 31 21 29 23 33 19 10 24 23 20 29 25 25 27 932 -1 281 21 22 12 21 838 31 29 21 32 -1 1208 1146 21 753 20 1457 30 42 7 498 621 18 23 1379 21 14 14 37 18 34 16 22 560 529 19 23 30 842 28 19 27 901 1540 21 23 
37 44 19 73 39 -2 -2 -2 72 -2 21 -2 -7 -11 -2 -7 -7 -11 8 73 -2 -7 -11 -2 11 -2 -11 -2 -11 -2 -2 25 -2 -2 -7 -11 17 136 -7 -11 -2 20 0 20 -7 18 13 -7 -2 -2 -2 -2 39 -2 -7 -7 -2 -3 -7 -7 -8 -2 -2 -2 -2 -2 -2 -3 -2 -11 -7 -2 -7 -11 16 -8 -2 -2 -2 -2 14 -7 -2 39 -7 -2 -2 -2 -7 -11 -2 -2 -7 -7 -11 -11 -2 -2 -2 -7 -11 -2 -7 -2 -2 -2 -2 -2 -2 -2 -2 -7 -11 -2 -2 -2 -7 -7 -7 -2 -2 -2 -2 15 -2 -2 55 63 28 48 30 35 -2 79 -2 46 22 -2 -2 -2 -2 -2 -2 -2 -2 -11 -7 -11 -7 -7 -2 -11 -11 -11 -7 -11 44 -2 -11 -7 36 -12 -7 -7 -7 -7 -2 -2 -7 -2 -7 -7 -11 -7 -2 -2 -7 -7 -7 -2 -7 12 -7 -7 -11 -7 -2 -2 -2 -7 -7 -2 -11 -11 -11 -7 40 -2 19 -7 -3 -2 -11 28 -7 -7 -7 -11 -2 40 36 -2 -2 -2 40 -10 -2 -2 26 21 -7 -13 -2 -7 -2 -2 -2 -2 -2 -2 -2 28 27 -11 -7 -2 48 -2 -2 -7 39 -2 -11 -11 
36 29 18 65 39 -1 -1 -1 64 -1 21 24 18 22 19 29 38 22 7 65 15 22 27 18 10 30 28 44 28 54 51 -7 65 21 20 25 8 88 19 30 60 312 20 0 39 7 -1 22 21 9 -1 38 39 18 22 27 -1 -1 25 19 19 -1 34 27 56 30 16 -1 19 20 22 15 25 32 -1 15 51 21 96 21 -1 22 16 31 22 -1 14 -1 23 21 16 -1 21 25 19 27 29 -1 -1 25 25 31 19 19 44 16 13 31 47 27 23 15 22 26 43 47 32 24 28 13 12 13 10 15 22 28 55 55 20 40 30 27 22 79 26 46 22 15 31 13 20 22 24 20 31 21 27 27 38 23 24 25 23 30 24 17 36 20 25 25 36 26 29 21 26 21 -1 17 24 10 24 31 31 25 -1 11 26 23 20 17 29 12 31 21 29 23 33 19 10 24 23 20 29 25 25 27 32 -1 10 21 22 12 21 24 31 29 21 32 -1 37 35 17 42 20 41 28 42 8 17 17 18 23 44 21 14 14 37 18 34 16 20 20 18 19 23 30 32 28 10 27 30 55 21 23 
37 59 19 92 40 -2 -2 -2 91 -2 21 -2 -7 -7 -2 -7 -7 -7 8 92 -2 -7 -7 -2 11 -2 -7 -2 -7 -2 -2 44 -2 -2 -7 -7 36 250 -7 -7 -2 39 -7 39 0 37 13 -7 -2 -2 -2 -2 39 -2 -7 -7 -2 -3 -7 -7 -7 -2 -2 -2 -2 -2 -2 -3 -2 -7 -7 -2 -7 -7 16 -7 -2 -2 -2 -2 14 -7 -2 58 -7 -2 -2 -2 -7 -7 -2 -2 -7 -7 -7 -7 -2 -2 -2 -7 -7 -2 -7 -2 -2 -2 -2 -2 -2 -2 -2 -7 -7 -2 -2 -2 -7 -7 -7 -2 -2 -2 -2 15 -2 -2 55 82 47 67 30 54 -2 79 -2 46 22 -2 -2 -2 -2 -2 -2 -2 -2 -7 -7 -7 -7 -7 -2 -7 -7 -7 -7 -7 63 -2 -7 -7 36 -7 -7 -7 -7 -7 -2 -2 -7 -2 -7 -7 -7 -7 -2 -2 -7 -7 -7 -2 -7 12 -7 -7 -7 -7 -2 -2 -2 -7 -7 -2 -7 -7 -7 -7 59 -2 38 -7 -3 -2 -7 31 -7 -7 -7 -7 -2 38 36 -2 -2 -2 40 -5 -2 -2 45 24 -7 -7 -2 -7 -2 -2 -2 -2 -2 -2 -2 47 46 -7 -7 -2 86 -2 -2 -7 58 -2 -7 -7 
36 29 18 63 39 -1 -1 -1 62 -1 21 22 16 20 17 27 36 20 7 63 13 20 25 16 10 28 26 38 26 48 49 12 53 19 17 23 6 76 17 28 54 250 18 7 37 0 -1 20 19 7 -1 36 39 14 20 25 -1 -1 23 17 17 -1 32 25 50 26 14 -1 17 18 20 13 23 30 -1 13 45 19 86 19 -1 20 14 29 20 -1 12 -1 21 19 14 -1 19 23 17 25 27 -1 -1 23 23 27 17 17 38 14 11 25 43 25 19 13 20 22 41 45 30 22 26 11 10 11 8 15 20 26 55 53 18 38 30 25 20 79 24 46 22 13 29 11 18 20 22 18 28 19 25 25 36 21 22 23 21 28 22 15 34 18 23 23 36 24 27 19 24 19 -1 15 22 8 22 29 29 23 -1 9 24 19 18 15 27 12 29 19 27 21 31 17 8 22 21 18 27 23 23 25 30 -1 8 19 18 10 19 24 29 27 19 30 -1 37 35 15 38 18 40 26 36 5 15 17 16 21 38 19 12 12 35 16 28 14 18 18 16 17 21 24 28 22 8 25 28 49 19 21 
-1 -1 -1 -1 -1 -2 -2 -2 -1 -2 -1 -2 13 13 -2 13 13 13 -1 -1 -2 13 13 -2 -1 -2 13 -2 13 -2 -2 -1 -2 -2 13 13 -1 -1 13 13 -2 -1 13 -1 13 -1 0 13 -2 -2 -2 -2 -1 -2 13 13 -2 -3 13 13 13 -2 -2 -2 -2 -2 -2 -3 -2 13 13 -2 13 13 -12 13 -2 -2 -2 -2 -12 13 -2 -1 13 -2 -2 -2 13 13 -2 -2 13 13 13 13 -2 -2 -2 13 13 -2 13 -2 -2 -2 -2 -2 -2 -2 -2 13 13 -2 -2 -2 13 13 13 -2 -2 -2 -2 -1 -2 -2 -1 -1 -1 -1 -1 -1 -2 -1 -2 -1 -1 -2 -2 -2 -2 -2 -2 -2 -2 13 13 13 13 13 -2 13 13 13 13 13 -1 -2 13 13 -1 13 13 13 13 13 -2 -2 13 -2 13 13 13 13 -2 -2 13 13 13 -2 13 -1 13 13 13 13 -2 -2 -2 13 13 -2 13 13 13 13 -1 -2 -1 13 -3 -2 13 -1 13 13 13 13 -2 -1 -1 -2 -2 -2 -1 13 -2 -2 -1 -1 13 13 -2 13 -2 -2 -2 -2 -2 -2 -2 -1 -1 13 13 -2 -1 -2 -2 13 -1 -2 13 13 
37 54 19 74 40 -2 -2 -2 73 -2 21 -2 -7 -7 -2 -8 -8 -7 7 74 -2 -7 -7 -2 11 -2 -7 -2 -7 -2 -2 27 -2 -2 -7 -7 19 148 -7 -7 -2 22 -7 22 -7 20 13 0 -2 -2 -2 -2 39 -2 -7 -7 -2 -3 -7 -7 -7 -2 -2 -2 -2 -2 -2 -3 -2 -7 -7 -2 -7 -7 16 -7 -2 -2 -2 -2 14 -7 -2 41 -8 -2 -2 -2 -7 -7 -2 -2 -7 -7 -7 -7 -2 -2 -2 -7 -7 -2 -7 -2 -2 -2 -2 -2 -2 -2 -2 -7 -7 -2 -2 -2 -7 -7 -7 -2 -2 -2 -2 15 -2 -2 55 65 30 50 30 37 -2 79 -2 46 22 -2 -2 -2 -2 -2 -2 -2 -2 -7 -7 -7 -7 -7 -2 -7 -7 -7 -7 -7 46 -2 -7 -7 36 -7 -7 -7 -7 -7 -2 -2 -7 -2 -7 -7 -7 -7 -2 -2 -7 -7 -7 -2 -7 12 -7 -7 -7 -7 -2 -2 -2 -7 -7 -2 -7 -7 -7 -7 42 -2 21 -7 -3 -2 -7 30 -7 -7 -7 -7 -2 38 36 -2 -2 -2 40 -5 -2 -2 28 23 -7 -7 -2 -7 -2 -2 -2 -2 -2 -2 -2 30 29 -7 -8 -2 52 -2 -2 -8 41 -2 -7 -7 
37 44 19 74 39 -2 -2 -2 73 -2 21 -2 -2 -2 -2 -2 -2 -2 8 74 -2 -2 -2 -2 11 -2 -2 -2 -2 -2 -10 26 -2 -25 -2 -2 18 142 -2 -2 -2 21 -2 21 -2 19 -2 -2 0 -2 -2 -2 39 -2 -2 -2 -2 -2 -2 -2 -2 -2 -10 -14 35 -2 -2 -2 -2 -2 -2 -2 -2 -2 -2 -2 -2 -2 -2 -2 -2 -2 -2 40 -2 -2 -2 -2 -2 -2 -2 -2 -2 -2 -2 -2 -2 -2 -2 -2 -2 -2 -2 -2 -2 -2 -2 -2 -2 -2 -2 -2 -2 -2 -2 -2 -2 -2 -2 -2 -2 -2 -2 15 -2 -2 55 64 29 49 30 36 -2 79 -2 46 22 -2 -2 -2 -2 -2 -2 -2 -2 -2 -2 -2 -2 -2 -2 -2 -2 -2 -2 -2 45 -2 -2 -2 36 -2 -2 -2 -2 -2 -2 -2 -2 -3 -2 -2 -2 -2 -2 -2 -2 -2 -2 -2 -2 12 -2 -2 -2 -2 -10 -2 -2 -2 -2 -2 -2 -2 -2 -2 41 -2 20 -2 -2 -2 -2 28 -2 -2 -2 -2 -2 40 36 -2 -2 -2 40 -2 -2 -2 27 21 -2 -2 -2 -2 -2 -2 -10 -2 -2 -2 -2 29 28 -2 -2 -2 50 -2 -2 -2 40 -2 -2 -2 
37 44 19 62 40 -2 -2 -2 61 -2 21 -13 -2 -2 -13 -2 -2 -2 8 62 -13 -2 -2 -13 11 -13 -2 13 -2 17 -2 14 -2 -2 -2 -2 6 70 -2 -2 -2 7 -2 9 -2 7 -2 -2 -2 0 -2 -13 39 -2 -2 -2 -2 -2 -2 -2 -2 -2 -2 -2 -2 -2 -13 -2 -2 -2 -2 -2 -2 -2 -2 -2 14 -2 -2 -13 -2 -2 -2 28 -2 -2 -2 -2 -2 -2 -2 -2 -2 -2 -2 -2 -2 -2 -2 -2 -2 -2 -2 -2 -2 -13 -13 -2 -2 -2 -2 -2 -2 -10 -2 -2 -2 -2 -2 -13 -2 -13 -13 15 -2 -2 55 52 17 37 30 24 -2 79 -2 46 22 -13 -13 -13 -13 -2 -2 -13 -12 -2 -2 -2 -2 -2 6 -2 -2 -2 -2 -2 33 -13 -2 -2 36 -2 -2 -2 -2 -2 -2 -13 -2 -2 -2 -2 -2 -2 -2 -13 -2 -2 -2 -13 -2 12 -2 -2 -2 -2 -2 -13 -13 -2 -2 -13 -2 -2 -2 -2 29 -2 8 -2 -2 -13 -2 27 -2 -2 -2 -2 -2 38 36 -2 -2 -13 40 -2 -2 -2 15 20 -2 -2 13 -2 -2 -13 -2 -2 -7 -2 -13 17 16 -2 -2 -2 26 -2 -2 -2 28 18 -2 -2 
-1 -1 -1 -1 -1 -2 -2 -2 -1 -2 -1 -2 -2 -2 -2 -2 -2 -2 -1 -1 -2 -2 -2 -2 -1 -2 -2 -2 -2 -2 -2 -1 -2 -2 -2 -2 -1 -1 -2 -2 -2 -1 -2 -1 -2 -1 -2 -2 -2 -2 0 -2 -1 -2 -2 -2 -2 -2 -2 -2 -2 -2 -2 -2 -2 -2 -2 -2 -2 -2 -2 -2 -2 -2 -2 -2 -2 -2 -2 -2 -2 -2 -2 -1 -2 -2 -2 -2 -2 -2 -2 -2 -2 -2 -2 -2 -2 -2 -2 -2 -2 -2 -2 -2 -2 -2 -2 -2 -2 -2 -2 -2 -2 -2 -2 -2 -2 -2 -2 -2 -2 -2 -2 -1 -2 -2 -1 -1 -1 -1 -1 -1 -2 -1 -2 -1 -1 -2 -2 -2 -2 -2 -2 -2 -2 -2 -2 -2 -2 -2 -2 -2 -2 -2 -2 -2 -1 -2 -2 -2 -1 -2 -2 -2 -2 -2 -2 -2 -2 -2 -2 -2 -2 -2 -2 -2 -2 -2 -2 -2 -2 -1 -2 -2 -2 -2 -2 -2 -2 -2 -2 -2 -2 -2 -2 -2 -1 -2 -1 -2 -2 -2 -2 -1 -2 -2 -2 -2 -2 -1 -1 -2 -2 -2 -1 -2 -2 -2 -1 -1 -2 -2 -2 -2 -2 -2 -2 -2 -2 -2 -2 -1 -1 -2 -2 -2 -1 -2 -2 -2 -1 -2 -2 -2 
37 64 19 116 40 -2 -2 -2 115 -2 21 -13 -2 -2 -13 -2 -2 -2 8 116 -13 -2 -2 -13 11 -13 -2 96 -2 100 -2 43 -2 -2 -2 -2 35 244 -2 -2 -2 44 -2 38 -2 36 -2 -2 -2 -13 -2 0 39 -2 -2 -2 -2 -2 -2 -2 -2 -2 -2 -2 -2 -2 -13 -2 -2 -2 -2 -2 -2 -2 -2 -2 97 -2 -2 -13 -2 -2 -2 57 -2 -2 -2 -2 -2 -2 -2 -2 -2 -2 -2 -2 -2 -2 -2 -2 -2 -2 -2 -2 -2 -13 -13 -2 -2 -2 -2 -2 -2 19 -2 -2 -2 -2 -2 -13 -2 -13 -13 15 -2 -2 55 106 46 91 30 53 -2 79 -2 46 22 -13 -13 -13 -13 -2 -2 -14 -12 -2 -2 -2 -2 -2 6 -2 -2 -2 -2 -2 62 -13 -2 -2 36 -2 -2 -2 -2 -2 -2 -13 -2 -2 -2 -2 -2 -2 -2 -13 -2 -2 -2 -13 -2 12 -2 -2 -2 -2 -2 -13 -13 -2 -2 -13 -2 -2 -2 -2 58 -2 37 -2 -2 -13 -2 31 -2 -2 -2 -2 -2 38 36 -2 -2 -13 40 -2 -2 -2 44 24 -2 -2 96 -2 -2 -13 -2 -2 51 -2 -13 46 45 -2 -2 -2 84 -2 -2 -2 57 101 -2 -2 
-1 24 -1 39 -1 4 -1 -1 39 -1 -1 39 39 39 39 39 39 39 -1 39 39 39 39 39 -1 39 39 118 39 118 39 39 238 39 39 39 39 239 39 39 119 1550 39 39 39 39 -1 39 39 39 -1 39 0 79 39 39 -1 -1 39 39 39 -1 39 39 118 79 39 -1 39 39 39 39 39 39 -1 39 118 39 199 39 -1 39 39 39 39 -1 39 -1 39 39 39 -1 39 39 39 39 39 -1 -1 39 39 79 39 39 118 39 39 119 79 39 79 39 39 79 39 39 39 39 39 39 39 39 39 -1 39 39 -1 39 39 39 -1 39 39 -1 39 -1 -1 39 39 39 39 39 39 39 41 39 39 39 39 39 39 39 39 39 39 39 39 39 39 39 -1 39 39 39 39 39 -1 39 39 39 39 39 39 39 -1 39 39 39 39 39 39 -1 39 39 39 39 39 39 39 39 39 39 39 39 39 39 39 -1 39 39 79 39 39 5 39 39 39 39 -1 -1 -1 39 79 39 -1 42 119 39 39 5 39 39 118 39 39 39 39 39 119 39 39 39 39 39 39 119 79 119 44 39 39 118 39 39 
